lat,lon,sst
41.51,-71.35,23.65
41.51,-71.23,24.1
41.51,-71.21,24.1
41.51,-71.01,22.07
41.51,-70.97,22.5
41.51,-70.95,22.82
41.51,-70.93,22.81
41.51,-70.91,22.83
41.51,-70.89,22.87
41.51,-70.87,22.95
41.51,-70.85,22.99
41.51,-70.83,23.11
41.51,-70.81,23.39
41.51,-70.79,23.41
41.51,-70.77,23.18
41.51,-70.75,22.93
41.51,-70.73,23.26
41.51,-70.67,22.65
41.51,-70.65,22.76
41.51,-70.63,22.8
41.51,-70.61,22.82
41.51,-70.59,22.83
41.51,-70.57,22.88
41.51,-70.55,22.94
41.51,-70.53,23.02
41.51,-70.51,23.15
41.51,-70.49,23.18
41.51,-70.47,23.15
41.51,-70.45,23.14
41.51,-70.43,23.13
41.51,-70.41,23.38
41.51,-70.39,23.24
41.51,-70.37,23.16
41.51,-70.35,23.13
41.51,-70.33,23.03
41.51,-70.31,22.96
41.51,-70.29,23.06
41.51,-70.27,23.02
41.51,-70.25,22.52
41.51,-70.23,21.94
41.51,-70.21,21.26
41.51,-70.19,20.8
41.51,-70.17,20.59
41.51,-70.15,20.52
41.51,-70.13,20.44
41.51,-70.11,19.86
41.51,-70.09,19.0
41.51,-70.07,15.91
41.51,-70.05,15.54
41.51,-70.03,15.51
41.51,-70.01,15.2
41.51,-69.99,14.82
41.51,-69.97,14.61
41.51,-69.95,14.7
41.51,-69.93,15.82
41.51,-69.91,17.55
41.51,-69.89,19.3
41.51,-69.87,19.37
41.51,-69.85,19.27
41.51,-69.83,18.83
41.51,-69.81,18.43
41.51,-69.79,18.28
41.51,-69.47,19.22
41.51,-69.45,19.28
41.51,-69.43,19.36
41.51,-69.41,19.26
41.51,-69.39,19.25
41.51,-69.37,19.32
41.51,-69.35,19.39
41.51,-69.33,19.44
41.51,-69.31,19.36
41.51,-69.29,19.35
41.51,-69.27,19.37
41.51,-69.25,19.36
41.51,-69.23,19.22
41.51,-69.21,19.27
41.51,-69.19,19.37
41.51,-69.17,19.31
41.51,-69.15,19.27
41.51,-69.13,19.25
41.51,-69.11,19.22
41.51,-69.09,19.07
41.51,-69.07,18.83
41.51,-69.05,18.53
41.51,-69.03,18.24
41.51,-69.01,17.99
41.51,-68.99,17.23
41.51,-68.97,17.28
41.49,-71.41,23.11
41.49,-71.35,23.72
41.49,-71.23,23.16
41.49,-71.21,22.79
41.49,-71.13,22.17
41.49,-71.11,22.18
41.49,-71.09,22.25
41.49,-71.07,22.64
41.49,-71.05,22.19
41.49,-71.03,21.94
41.49,-71.01,21.98
41.49,-70.99,22.15
41.49,-70.97,22.4
41.49,-70.95,22.57
41.49,-70.93,22.63
41.49,-70.91,22.38
41.49,-70.89,22.28
41.49,-70.87,22.44
41.49,-70.85,22.49
41.49,-70.83,22.68
41.49,-70.81,23.02
41.49,-70.79,23.03
41.49,-70.77,23.1
41.49,-70.71,22.34
41.49,-70.69,22.44
41.49,-70.67,22.51
41.49,-70.65,22.16
41.49,-70.63,22.24
41.49,-70.61,22.55
41.49,-70.59,22.62
41.49,-70.57,22.73
41.49,-70.55,22.89
41.49,-70.53,22.92
41.49,-70.51,22.94
41.49,-70.49,23.04
41.49,-70.47,23.16
41.49,-70.45,23.27
41.49,-70.43,23.27
41.49,-70.41,23.38
41.49,-70.39,23.3
41.49,-70.37,23.16
41.49,-70.35,23.11
41.49,-70.33,23.04
41.49,-70.31,23.01
41.49,-70.29,23.03
41.49,-70.27,22.75
41.49,-70.25,22.44
41.49,-70.23,22.21
41.49,-70.21,21.54
41.49,-70.19,20.59
41.49,-70.17,20.45
41.49,-70.15,20.17
41.49,-70.13,19.23
41.49,-70.11,18.83
41.49,-70.09,18.34
41.49,-70.07,18.0
41.49,-70.05,17.75
41.49,-70.03,17.57
41.49,-70.01,17.07
41.49,-69.99,15.43
41.49,-69.97,15.03
41.49,-69.95,14.96
41.49,-69.93,14.82
41.49,-69.91,15.01
41.49,-69.89,17.43
41.49,-69.87,19.06
41.49,-69.85,18.97
41.49,-69.83,18.5
41.49,-69.81,18.35
41.49,-69.37,19.41
41.49,-69.35,19.51
41.49,-69.33,19.56
41.49,-69.31,19.58
41.49,-69.29,19.55
41.49,-69.27,19.56
41.49,-69.25,19.48
41.49,-69.23,19.28
41.49,-69.21,19.28
41.49,-69.19,19.36
41.49,-69.17,19.36
41.49,-69.15,19.34
41.49,-69.13,19.2
41.49,-69.11,18.97
41.49,-69.09,18.66
41.49,-69.07,18.44
41.49,-69.05,18.17
41.49,-69.03,18.11
41.49,-69.01,16.94
41.49,-68.99,16.38
41.49,-68.97,16.82
41.47,-71.41,22.96
41.47,-71.37,21.98
41.47,-71.29,22.7
41.47,-71.27,22.58
41.47,-71.25,22.52
41.47,-71.23,22.33
41.47,-71.21,22.3
41.47,-71.15,22.03
41.47,-71.13,21.99
41.47,-71.11,21.9
41.47,-71.09,21.67
41.47,-71.07,21.61
41.47,-71.05,21.65
41.47,-71.03,21.82
41.47,-71.01,21.9
41.47,-70.99,21.94
41.47,-70.97,22.19
41.47,-70.95,22.41
41.47,-70.93,22.48
41.47,-70.91,22.38
41.47,-70.89,22.38
41.47,-70.87,22.21
41.47,-70.85,21.73
41.47,-70.83,22.19
41.47,-70.81,22.21
41.47,-70.75,22.05
41.47,-70.73,22.13
41.47,-70.71,22.21
41.47,-70.69,22.2
41.47,-70.67,22.15
41.47,-70.65,22.15
41.47,-70.59,23.01
41.47,-70.55,22.71
41.47,-70.53,22.75
41.47,-70.51,22.93
41.47,-70.49,23.01
41.47,-70.47,23.07
41.47,-70.45,22.96
41.47,-70.43,22.97
41.47,-70.41,23.09
41.47,-70.39,22.96
41.47,-70.37,23.03
41.47,-70.35,22.98
41.47,-70.33,22.86
41.47,-70.31,22.73
41.47,-70.29,22.55
41.47,-70.27,22.41
41.47,-70.25,22.28
41.47,-70.23,22.02
41.47,-70.21,21.5
41.47,-70.19,20.29
41.47,-70.17,20.15
41.47,-70.15,19.7
41.47,-70.13,18.93
41.47,-70.11,18.53
41.47,-70.09,18.41
41.47,-70.07,18.15
41.47,-70.05,18.09
41.47,-70.03,18.12
41.47,-70.01,18.05
41.47,-69.99,17.22
41.47,-69.97,16.74
41.47,-69.95,15.37
41.47,-69.93,14.69
41.47,-69.91,14.46
41.47,-69.89,14.87
41.47,-69.87,16.22
41.47,-69.85,16.82
41.47,-69.83,18.11
41.47,-69.81,18.14
41.47,-69.29,19.62
41.47,-69.27,19.58
41.47,-69.25,19.54
41.47,-69.23,19.43
41.47,-69.21,19.38
41.47,-69.19,19.43
41.47,-69.17,19.43
41.47,-69.15,19.41
41.47,-69.13,19.01
41.47,-69.11,18.44
41.47,-69.09,17.94
41.47,-69.07,17.83
41.47,-69.05,17.56
41.47,-69.03,17.3
41.47,-69.01,15.51
41.47,-68.99,15.9
41.47,-68.97,16.01
41.45,-71.43,22.08
41.45,-71.41,21.97
41.45,-71.39,21.33
41.45,-71.37,21.35
41.45,-71.33,22.17
41.45,-71.31,22.37
41.45,-71.29,22.48
41.45,-71.27,21.63
41.45,-71.25,21.7
41.45,-71.23,22.03
41.45,-71.21,21.87
41.45,-71.19,21.9
41.45,-71.17,21.95
41.45,-71.15,21.76
41.45,-71.13,21.6
41.45,-71.11,21.62
41.45,-71.09,21.49
41.45,-71.07,21.48
41.45,-71.05,21.61
41.45,-71.03,21.68
41.45,-71.01,21.72
41.45,-70.99,21.71
41.45,-70.97,21.49
41.45,-70.95,21.2
41.45,-70.93,21.26
41.45,-70.91,22.38
41.45,-70.89,22.45
41.45,-70.87,22.34
41.45,-70.85,21.8
41.45,-70.77,21.63
41.45,-70.75,21.72
41.45,-70.73,21.96
41.45,-70.71,22.05
41.45,-70.69,22.05
41.45,-70.55,22.92
41.45,-70.53,22.86
41.45,-70.51,22.79
41.45,-70.49,22.86
41.45,-70.47,23.03
41.45,-70.45,22.97
41.45,-70.43,22.85
41.45,-70.41,22.88
41.45,-70.39,22.92
41.45,-70.37,22.83
41.45,-70.35,22.81
41.45,-70.33,22.81
41.45,-70.31,22.74
41.45,-70.29,22.64
41.45,-70.27,22.46
41.45,-70.25,22.08
41.45,-70.23,21.87
41.45,-70.21,21.44
41.45,-70.19,20.66
41.45,-70.17,19.95
41.45,-70.15,19.5
41.45,-70.13,19.03
41.45,-70.11,18.57
41.45,-70.09,18.22
41.45,-70.07,18.1
41.45,-70.05,17.96
41.45,-70.03,18.18
41.45,-70.01,18.56
41.45,-69.99,18.56
41.45,-69.97,18.35
41.45,-69.95,17.03
41.45,-69.93,15.53
41.45,-69.91,14.82
41.45,-69.89,14.13
41.45,-69.87,14.48
41.45,-69.85,14.16
41.45,-69.83,13.93
41.45,-69.81,13.54
41.45,-69.79,13.47
41.45,-69.75,13.65
41.45,-69.69,16.2
41.45,-69.67,15.99
41.45,-69.65,15.82
41.45,-69.63,16.09
41.45,-69.61,16.57
41.45,-69.59,16.55
41.45,-69.57,16.53
41.45,-69.27,19.45
41.45,-69.25,19.42
41.45,-69.23,19.37
41.45,-69.21,19.34
41.45,-69.19,19.39
41.45,-69.17,19.42
41.45,-69.15,19.42
41.45,-69.13,19.15
41.45,-69.11,18.56
41.45,-69.09,17.28
41.45,-69.07,18.02
41.45,-69.05,18.05
41.45,-69.03,17.33
41.45,-69.01,15.54
41.45,-68.99,15.98
41.45,-68.97,16.2
41.43,-71.45,21.51
41.43,-71.43,21.51
41.43,-71.41,21.41
41.43,-71.39,21.28
41.43,-71.37,21.33
41.43,-71.35,21.65
41.43,-71.33,21.87
41.43,-71.31,22.12
41.43,-71.29,21.65
41.43,-71.27,21.67
41.43,-71.25,22.03
41.43,-71.23,22.02
41.43,-71.21,21.92
41.43,-71.19,21.9
41.43,-71.17,21.75
41.43,-71.15,21.46
41.43,-71.13,21.46
41.43,-71.11,21.24
41.43,-71.09,21.03
41.43,-71.07,21.04
41.43,-71.05,21.08
41.43,-71.03,21.3
41.43,-71.01,21.33
41.43,-70.99,21.29
41.43,-70.97,20.89
41.43,-70.95,21.19
41.43,-70.91,21.34
41.43,-70.83,20.42
41.43,-70.81,20.81
41.43,-70.79,21.02
41.43,-70.77,21.2
41.43,-70.75,21.47
41.43,-70.73,21.57
41.43,-70.71,21.87
41.43,-70.57,23.65
41.43,-70.55,23.66
41.43,-70.53,23.31
41.43,-70.51,22.73
41.43,-70.49,22.9
41.43,-70.47,23.03
41.43,-70.45,22.91
41.43,-70.43,22.68
41.43,-70.41,22.66
41.43,-70.39,22.66
41.43,-70.37,22.72
41.43,-70.35,22.77
41.43,-70.33,22.6
41.43,-70.31,22.43
41.43,-70.29,22.45
41.43,-70.27,22.47
41.43,-70.25,22.43
41.43,-70.23,22.08
41.43,-70.21,21.43
41.43,-70.19,20.98
41.43,-70.17,20.22
41.43,-70.15,19.72
41.43,-70.13,19.34
41.43,-70.11,19.08
41.43,-70.09,18.47
41.43,-70.07,18.06
41.43,-70.05,17.99
41.43,-70.03,18.36
41.43,-70.01,18.56
41.43,-69.99,18.64
41.43,-69.97,18.59
41.43,-69.95,17.56
41.43,-69.93,16.48
41.43,-69.91,15.07
41.43,-69.89,14.62
41.43,-69.87,15.02
41.43,-69.85,14.88
41.43,-69.83,14.52
41.43,-69.81,13.88
41.43,-69.79,13.6
41.43,-69.77,13.56
41.43,-69.75,13.47
41.43,-69.73,13.89
41.43,-69.71,15.93
41.43,-69.69,16.01
41.43,-69.67,15.37
41.43,-69.65,14.91
41.43,-69.63,16.08
41.43,-69.61,15.66
41.43,-69.59,15.66
41.43,-69.57,15.63
41.43,-69.55,15.46
41.43,-69.35,19.31
41.43,-69.33,19.32
41.43,-69.31,19.32
41.43,-69.29,19.36
41.43,-69.27,19.34
41.43,-69.25,19.31
41.43,-69.23,19.24
41.43,-69.21,19.08
41.43,-69.19,18.89
41.43,-69.17,19.24
41.43,-69.15,19.31
41.43,-69.13,19.09
41.43,-69.11,18.57
41.43,-69.09,18.42
41.43,-69.07,17.81
41.43,-69.05,17.65
41.43,-68.97,17.52
41.41,-71.45,21.55
41.41,-71.43,21.53
41.41,-71.41,21.37
41.41,-71.39,21.61
41.41,-71.37,21.69
41.41,-71.35,21.69
41.41,-71.33,21.72
41.41,-71.31,21.65
41.41,-71.29,21.57
41.41,-71.27,21.77
41.41,-71.25,21.89
41.41,-71.23,21.92
41.41,-71.21,21.9
41.41,-71.19,21.8
41.41,-71.17,21.62
41.41,-71.15,21.54
41.41,-71.13,21.36
41.41,-71.11,21.21
41.41,-71.09,20.84
41.41,-71.07,20.79
41.41,-71.05,21.05
41.41,-71.03,21.07
41.41,-71.01,20.4
41.41,-70.99,20.39
41.41,-70.97,20.2
41.41,-70.93,20.97
41.41,-70.91,20.95
41.41,-70.89,20.31
41.41,-70.87,20.34
41.41,-70.85,20.31
41.41,-70.83,20.43
41.41,-70.81,20.49
41.41,-70.79,20.56
41.41,-70.77,20.57
41.41,-70.75,20.97
41.41,-70.73,21.34
41.41,-70.53,23.71
41.41,-70.51,23.49
41.41,-70.49,23.54
41.41,-70.47,24.22
41.41,-70.43,22.64
41.41,-70.41,22.51
41.41,-70.39,22.55
41.41,-70.37,22.61
41.41,-70.35,22.6
41.41,-70.33,22.24
41.41,-70.31,22.24
41.41,-70.29,22.3
41.41,-70.27,22.29
41.41,-70.25,22.31
41.41,-70.23,22.25
41.41,-70.21,22.03
41.41,-70.19,21.46
41.41,-70.17,21.05
41.41,-70.15,20.67
41.41,-70.13,20.31
41.41,-70.11,19.69
41.41,-70.09,19.27
41.41,-70.07,19.1
41.41,-70.05,19.92
41.41,-70.03,20.33
41.41,-70.01,19.46
41.41,-69.99,18.76
41.41,-69.97,18.88
41.41,-69.95,18.31
41.41,-69.93,17.68
41.41,-69.91,15.96
41.41,-69.89,15.52
41.41,-69.87,15.95
41.41,-69.85,15.97
41.41,-69.83,15.36
41.41,-69.81,15.36
41.41,-69.79,14.98
41.41,-69.77,14.65
41.41,-69.75,13.78
41.41,-69.73,13.44
41.41,-69.71,13.45
41.41,-69.69,13.66
41.41,-69.67,12.68
41.41,-69.65,12.07
41.41,-69.63,12.07
41.41,-69.61,11.95
41.41,-69.59,11.93
41.41,-69.57,15.13
41.41,-69.55,15.16
41.41,-69.53,15.16
41.41,-69.35,19.29
41.41,-69.33,19.25
41.41,-69.31,19.09
41.41,-69.29,19.01
41.41,-69.27,19.04
41.41,-69.25,19.2
41.41,-69.23,18.96
41.41,-69.21,18.74
41.41,-69.19,18.28
41.41,-69.17,18.26
41.41,-69.15,18.3
41.41,-69.13,17.93
41.41,-69.11,18.61
41.41,-69.09,18.4
41.41,-69.07,18.0
41.41,-69.05,17.42
41.41,-69.03,17.41
41.41,-68.97,17.85
41.39,-71.45,21.74
41.39,-71.43,21.66
41.39,-71.41,21.69
41.39,-71.39,21.82
41.39,-71.37,21.81
41.39,-71.35,21.78
41.39,-71.33,21.8
41.39,-71.31,21.68
41.39,-71.29,21.6
41.39,-71.27,21.76
41.39,-71.25,21.78
41.39,-71.23,21.81
41.39,-71.21,21.92
41.39,-71.19,21.91
41.39,-71.17,21.64
41.39,-71.15,21.51
41.39,-71.13,21.36
41.39,-71.11,21.19
41.39,-71.09,20.95
41.39,-71.07,20.72
41.39,-71.05,21.01
41.39,-71.03,20.38
41.39,-71.01,19.99
41.39,-70.99,20.02
41.39,-70.97,20.83
41.39,-70.95,20.94
41.39,-70.93,20.96
41.39,-70.91,20.92
41.39,-70.89,20.89
41.39,-70.87,20.39
41.39,-70.85,20.45
41.39,-70.83,20.62
41.39,-70.81,20.66
41.39,-70.79,20.65
41.39,-70.77,20.6
41.39,-70.75,20.63
41.39,-70.47,24.19
41.39,-70.43,22.48
41.39,-70.41,22.43
41.39,-70.39,22.44
41.39,-70.37,22.11
41.39,-70.35,22.01
41.39,-70.33,21.98
41.39,-70.31,22.11
41.39,-70.29,22.17
41.39,-70.27,22.11
41.39,-70.25,22.09
41.39,-70.23,22.1
41.39,-70.21,21.99
41.39,-70.19,21.8
41.39,-70.17,21.59
41.39,-70.15,21.39
41.39,-70.13,20.92
41.39,-70.11,20.48
41.39,-70.09,20.22
41.39,-70.07,20.83
41.39,-70.03,20.3
41.39,-70.01,20.12
41.39,-69.99,19.0
41.39,-69.97,18.8
41.39,-69.95,18.08
41.39,-69.93,17.57
41.39,-69.91,17.31
41.39,-69.89,17.33
41.39,-69.87,16.83
41.39,-69.85,16.19
41.39,-69.83,15.78
41.39,-69.81,15.75
41.39,-69.79,15.53
41.39,-69.77,15.1
41.39,-69.75,13.86
41.39,-69.73,13.57
41.39,-69.71,13.32
41.39,-69.69,12.46
41.39,-69.67,12.17
41.39,-69.65,11.9
41.39,-69.63,12.11
41.39,-69.61,12.11
41.39,-69.59,11.82
41.39,-69.57,12.18
41.39,-69.55,14.01
41.39,-69.53,14.56
41.39,-69.51,15.5
41.39,-69.49,15.56
41.39,-69.33,18.99
41.39,-69.31,18.89
41.39,-69.29,18.95
41.39,-69.27,18.99
41.39,-69.25,18.77
41.39,-69.23,18.66
41.39,-69.21,18.67
41.39,-69.19,18.35
41.39,-69.17,17.92
41.39,-69.15,17.43
41.39,-69.13,17.04
41.39,-69.11,16.49
41.39,-69.09,17.98
41.39,-69.07,17.87
41.39,-69.05,17.39
41.39,-68.99,17.9
41.39,-68.97,17.36
41.37,-71.55,21.41
41.37,-71.53,21.33
41.37,-71.51,21.26
41.37,-71.47,21.64
41.37,-71.45,21.69
41.37,-71.43,21.75
41.37,-71.41,21.85
41.37,-71.39,21.94
41.37,-71.37,21.86
41.37,-71.35,21.85
41.37,-71.33,21.89
41.37,-71.31,21.75
41.37,-71.29,21.74
41.37,-71.27,21.61
41.37,-71.25,21.59
41.37,-71.23,21.48
41.37,-71.21,21.48
41.37,-71.19,21.21
41.37,-71.17,21.21
41.37,-71.15,21.23
41.37,-71.13,21.22
41.37,-71.11,21.35
41.37,-71.09,21.25
41.37,-71.07,20.98
41.37,-71.05,20.8
41.37,-71.03,20.41
41.37,-71.01,20.22
41.37,-70.99,20.31
41.37,-70.97,20.52
41.37,-70.95,20.51
41.37,-70.93,20.88
41.37,-70.91,20.88
41.37,-70.89,20.88
41.37,-70.87,20.69
41.37,-70.85,20.46
41.37,-70.83,20.52
41.37,-70.81,20.64
41.37,-70.79,20.65
41.37,-70.77,20.67
41.37,-70.45,22.53
41.37,-70.43,22.21
41.37,-70.41,22.0
41.37,-70.39,21.71
41.37,-70.37,21.66
41.37,-70.35,21.66
41.37,-70.33,21.75
41.37,-70.31,21.84
41.37,-70.29,21.88
41.37,-70.27,21.9
41.37,-70.25,22.03
41.37,-70.23,22.11
41.37,-70.21,22.12
41.37,-70.19,22.1
41.37,-70.17,21.89
41.37,-70.15,21.68
41.37,-70.13,21.53
41.37,-70.11,21.14
41.37,-70.09,20.83
41.37,-70.07,21.43
41.37,-70.05,22.67
41.37,-70.03,21.85
41.37,-70.01,20.3
41.37,-69.99,19.48
41.37,-69.97,18.91
41.37,-69.95,17.94
41.37,-69.93,17.6
41.37,-69.91,17.44
41.37,-69.89,17.32
41.37,-69.87,17.18
41.37,-69.85,16.6
41.37,-69.83,16.5
41.37,-69.81,16.33
41.37,-69.79,16.09
41.37,-69.77,15.54
41.37,-69.75,14.16
41.37,-69.73,13.86
41.37,-69.71,13.69
41.37,-69.69,13.48
41.37,-69.67,13.65
41.37,-69.65,13.5
41.37,-69.63,12.81
41.37,-69.61,12.67
41.37,-69.59,12.72
41.37,-69.57,12.51
41.37,-69.55,13.36
41.37,-69.53,13.35
41.37,-69.51,13.84
41.37,-69.49,14.27
41.37,-69.31,18.89
41.37,-69.29,18.93
41.37,-69.27,18.69
41.37,-69.25,18.52
41.37,-69.23,18.43
41.37,-69.21,18.49
41.37,-69.19,18.15
41.37,-69.17,18.12
41.37,-69.15,18.17
41.37,-69.13,17.93
41.37,-69.11,18.27
41.37,-69.09,18.07
41.37,-69.07,17.81
41.37,-69.05,17.7
41.37,-69.01,17.55
41.37,-68.99,17.53
41.37,-68.97,17.38
41.35,-71.65,21.83
41.35,-71.63,21.86
41.35,-71.61,21.84
41.35,-71.59,21.71
41.35,-71.57,21.34
41.35,-71.55,21.36
41.35,-71.53,21.31
41.35,-71.51,21.14
41.35,-71.49,21.01
41.35,-71.47,21.56
41.35,-71.45,21.63
41.35,-71.43,21.67
41.35,-71.41,21.73
41.35,-71.39,21.78
41.35,-71.37,21.81
41.35,-71.35,21.85
41.35,-71.33,21.94
41.35,-71.31,21.94
41.35,-71.29,21.91
41.35,-71.27,21.3
41.35,-71.25,20.44
41.35,-71.23,20.37
41.35,-71.21,20.29
41.35,-71.19,20.34
41.35,-71.17,20.55
41.35,-71.15,20.67
41.35,-71.13,20.81
41.35,-71.11,20.81
41.35,-71.09,20.75
41.35,-71.07,21.17
41.35,-71.05,21.15
41.35,-71.03,20.62
41.35,-71.01,20.63
41.35,-70.99,20.89
41.35,-70.97,21.0
41.35,-70.95,21.06
41.35,-70.93,21.04
41.35,-70.91,20.8
41.35,-70.89,19.46
41.35,-70.87,19.4
41.35,-70.85,19.83
41.35,-70.79,20.64
41.35,-70.49,22.81
41.35,-70.45,22.05
41.35,-70.43,21.86
41.35,-70.41,21.57
41.35,-70.39,21.2
41.35,-70.37,21.2
41.35,-70.35,21.28
41.35,-70.33,21.47
41.35,-70.31,21.51
41.35,-70.29,21.6
41.35,-70.27,21.7
41.35,-70.25,21.87
41.35,-70.23,22.0
41.35,-70.21,22.09
41.35,-70.19,22.21
41.35,-70.17,22.13
41.35,-70.15,22.03
41.35,-70.13,21.99
41.35,-70.11,22.03
41.35,-70.09,22.47
41.35,-70.07,22.58
41.35,-70.05,22.7
41.35,-70.01,20.19
41.35,-69.99,20.04
41.35,-69.97,19.01
41.35,-69.95,18.84
41.35,-69.93,17.49
41.35,-69.91,17.5
41.35,-69.89,17.35
41.35,-69.87,17.18
41.35,-69.85,16.96
41.35,-69.83,16.8
41.35,-69.77,15.49
41.35,-69.75,14.71
41.35,-69.73,14.61
41.35,-69.71,14.44
41.35,-69.69,14.19
41.35,-69.67,13.96
41.35,-69.65,13.66
41.35,-69.63,13.12
41.35,-69.61,12.88
41.35,-69.59,12.86
41.35,-69.57,12.58
41.35,-69.55,12.41
41.35,-69.53,12.43
41.35,-69.51,13.19
41.35,-69.49,14.28
41.35,-69.47,14.56
41.35,-69.31,18.8
41.35,-69.29,18.73
41.35,-69.27,18.54
41.35,-69.25,18.7
41.35,-69.23,18.75
41.35,-69.21,18.69
41.35,-69.19,18.54
41.35,-69.17,18.45
41.35,-69.15,18.38
41.35,-69.13,18.4
41.35,-69.11,18.32
41.35,-69.03,17.72
41.35,-69.01,17.65
41.35,-68.99,17.62
41.35,-68.97,17.52
41.33,-71.95,21.25
41.33,-71.93,21.26
41.33,-71.91,21.37
41.33,-71.89,22.45
41.33,-71.87,21.65
41.33,-71.71,21.03
41.33,-71.69,21.39
41.33,-71.67,21.5
41.33,-71.65,21.64
41.33,-71.63,21.78
41.33,-71.61,21.66
41.33,-71.59,21.6
41.33,-71.57,21.6
41.33,-71.55,21.38
41.33,-71.53,21.24
41.33,-71.51,21.23
41.33,-71.49,21.44
41.33,-71.47,21.66
41.33,-71.45,21.61
41.33,-71.43,21.65
41.33,-71.41,21.67
41.33,-71.39,21.78
41.33,-71.37,21.86
41.33,-71.35,21.86
41.33,-71.33,21.9
41.33,-71.31,21.89
41.33,-71.29,21.69
41.33,-71.27,21.08
41.33,-71.25,20.46
41.33,-71.23,20.5
41.33,-71.21,20.41
41.33,-71.19,20.46
41.33,-71.17,20.55
41.33,-71.15,20.66
41.33,-71.13,20.69
41.33,-71.11,20.72
41.33,-71.09,20.75
41.33,-71.07,20.69
41.33,-71.05,21.06
41.33,-71.03,21.23
41.33,-71.01,21.17
41.33,-70.99,21.38
41.33,-70.97,21.39
41.33,-70.95,21.24
41.33,-70.93,21.08
41.33,-70.91,20.91
41.33,-70.89,20.81
41.33,-70.87,20.7
41.33,-70.85,20.56
41.33,-70.83,20.39
41.33,-70.73,21.55
41.33,-70.71,21.61
41.33,-70.69,21.62
41.33,-70.67,21.56
41.33,-70.65,21.44
41.33,-70.63,21.05
41.33,-70.61,21.03
41.33,-70.59,20.89
41.33,-70.57,20.87
41.33,-70.53,21.58
41.33,-70.51,20.79
41.33,-70.49,20.76
41.33,-70.47,21.26
41.33,-70.45,21.14
41.33,-70.43,21.29
41.33,-70.41,21.04
41.33,-70.39,20.69
41.33,-70.37,20.62
41.33,-70.35,20.85
41.33,-70.33,20.85
41.33,-70.29,21.52
41.33,-70.27,21.61
41.33,-70.25,21.7
41.33,-70.23,21.79
41.33,-70.21,22.0
41.33,-70.19,22.28
41.33,-70.17,22.29
41.33,-70.15,22.35
41.33,-70.13,22.57
41.33,-70.11,22.65
41.33,-70.09,22.72
41.33,-70.07,22.77
41.33,-70.05,22.73
41.33,-70.03,24.05
41.33,-70.01,24.03
41.33,-69.99,20.06
41.33,-69.97,19.79
41.33,-69.95,19.32
41.33,-69.93,18.61
41.33,-69.91,17.79
41.33,-69.89,17.7
41.33,-69.87,17.29
41.33,-69.85,16.89
41.33,-69.83,16.81
41.33,-69.81,16.77
41.33,-69.79,16.27
41.33,-69.77,15.96
41.33,-69.75,15.18
41.33,-69.73,15.03
41.33,-69.71,14.84
41.33,-69.69,14.64
41.33,-69.67,14.52
41.33,-69.65,14.12
41.33,-69.63,13.73
41.33,-69.61,12.97
41.33,-69.59,12.82
41.33,-69.57,12.84
41.33,-69.55,12.68
41.33,-69.53,12.41
41.33,-69.51,13.65
41.33,-69.49,13.84
41.33,-69.47,14.04
41.33,-69.45,14.89
41.33,-69.43,14.99
41.33,-69.31,18.7
41.33,-69.29,18.68
41.33,-69.27,18.78
41.33,-69.25,18.83
41.33,-69.23,18.82
41.33,-69.21,18.7
41.33,-69.19,18.58
41.33,-69.17,18.21
41.33,-69.15,17.74
41.33,-69.13,17.28
41.33,-69.11,16.69
41.33,-69.09,16.68
41.33,-69.05,17.88
41.33,-69.03,17.87
41.33,-69.01,17.83
41.33,-68.99,17.78
41.33,-68.97,17.78
41.31,-72.35,22.47
41.31,-72.19,20.57
41.31,-72.15,20.58
41.31,-72.09,21.16
41.31,-72.07,20.67
41.31,-72.05,20.58
41.31,-72.03,20.56
41.31,-71.99,21.53
41.31,-71.97,20.75
41.31,-71.95,20.32
41.31,-71.93,20.24
41.31,-71.91,20.24
41.31,-71.89,21.19
41.31,-71.83,20.48
41.31,-71.81,20.53
41.31,-71.79,20.49
41.31,-71.77,20.54
41.31,-71.75,20.78
41.31,-71.73,21.16
41.31,-71.71,21.04
41.31,-71.69,21.08
41.31,-71.67,21.19
41.31,-71.65,21.45
41.31,-71.63,21.32
41.31,-71.61,21.18
41.31,-71.59,21.19
41.31,-71.57,20.88
41.31,-71.55,20.8
41.31,-71.53,20.93
41.31,-71.51,21.13
41.31,-71.49,21.39
41.31,-71.47,21.54
41.31,-71.45,21.63
41.31,-71.43,21.71
41.31,-71.41,21.69
41.31,-71.39,21.72
41.31,-71.37,21.85
41.31,-71.35,21.85
41.31,-71.33,21.86
41.31,-71.31,21.82
41.31,-71.29,21.38
41.31,-71.27,21.05
41.31,-71.25,20.83
41.31,-71.23,20.65
41.31,-71.21,20.51
41.31,-71.19,20.48
41.31,-71.17,20.57
41.31,-71.15,20.61
41.31,-71.13,20.62
41.31,-71.11,20.66
41.31,-71.09,20.68
41.31,-71.07,20.69
41.31,-71.05,20.72
41.31,-71.03,20.69
41.31,-71.01,20.66
41.31,-70.99,20.93
41.31,-70.97,20.89
41.31,-70.95,20.41
41.31,-70.93,20.48
41.31,-70.91,20.55
41.31,-70.89,20.72
41.31,-70.87,20.75
41.31,-70.85,20.92
41.31,-70.83,20.29
41.31,-70.81,20.14
41.31,-70.75,21.1
41.31,-70.73,21.1
41.31,-70.71,21.01
41.31,-70.69,20.94
41.31,-70.67,21.58
41.31,-70.65,21.55
41.31,-70.63,21.46
41.31,-70.61,21.03
41.31,-70.59,20.92
41.31,-70.55,21.06
41.31,-70.53,20.69
41.31,-70.51,19.6
41.31,-70.49,20.15
41.31,-70.47,20.44
41.31,-70.45,20.54
41.31,-70.43,20.72
41.31,-70.41,20.39
41.31,-70.39,20.23
41.31,-70.37,20.29
41.31,-70.35,20.5
41.31,-70.33,20.71
41.31,-70.31,21.0
41.31,-70.29,21.32
41.31,-70.25,21.77
41.31,-70.23,21.98
41.31,-70.21,22.09
41.31,-70.19,22.45
41.31,-70.17,22.46
41.31,-70.15,22.5
41.31,-70.13,22.7
41.31,-70.11,22.86
41.31,-70.09,22.95
41.31,-70.05,23.6
41.31,-69.97,19.66
41.31,-69.95,19.26
41.31,-69.93,18.96
41.31,-69.91,18.17
41.31,-69.89,17.46
41.31,-69.87,17.15
41.31,-69.85,16.83
41.31,-69.83,16.73
41.31,-69.81,16.36
41.31,-69.79,16.03
41.31,-69.77,16.0
41.31,-69.75,15.34
41.31,-69.73,15.1
41.31,-69.69,14.56
41.31,-69.67,14.22
41.31,-69.65,13.98
41.31,-69.63,13.43
41.31,-69.61,13.21
41.31,-69.59,12.99
41.31,-69.57,12.9
41.31,-69.55,13.04
41.31,-69.53,13.04
41.31,-69.49,13.7
41.31,-69.47,13.58
41.31,-69.43,15.01
41.31,-69.41,15.04
41.31,-69.31,18.0
41.31,-69.29,18.1
41.31,-69.27,18.16
41.31,-69.25,18.66
41.31,-69.23,18.22
41.31,-69.21,17.75
41.31,-69.19,17.77
41.31,-69.17,17.74
41.31,-69.13,17.37
41.31,-69.11,17.09
41.31,-69.09,17.33
41.31,-69.07,17.58
41.31,-69.05,17.9
41.31,-69.03,17.88
41.31,-69.01,17.89
41.31,-68.99,17.92
41.31,-68.97,17.88
41.29,-72.25,20.23
41.29,-72.23,20.19
41.29,-72.19,20.3
41.29,-72.17,20.56
41.29,-72.15,20.22
41.29,-72.13,20.13
41.29,-72.11,20.48
41.29,-72.09,20.55
41.29,-72.07,20.14
41.29,-72.05,20.07
41.29,-72.03,20.4
41.29,-72.01,20.31
41.29,-71.99,20.2
41.29,-71.97,20.17
41.29,-71.95,20.33
41.29,-71.91,20.09
41.29,-71.89,20.02
41.29,-71.87,20.02
41.29,-71.85,20.17
41.29,-71.83,20.32
41.29,-71.81,20.5
41.29,-71.79,20.49
41.29,-71.77,20.5
41.29,-71.75,20.57
41.29,-71.73,20.62
41.29,-71.71,21.01
41.29,-71.69,20.91
41.29,-71.67,20.86
41.29,-71.65,20.55
41.29,-71.63,20.33
41.29,-71.61,20.16
41.29,-71.59,20.13
41.29,-71.57,20.2
41.29,-71.55,20.3
41.29,-71.53,20.56
41.29,-71.51,21.05
41.29,-71.49,21.13
41.29,-71.47,21.48
41.29,-71.45,21.65
41.29,-71.43,21.7
41.29,-71.41,21.61
41.29,-71.39,21.51
41.29,-71.37,21.52
41.29,-71.35,21.7
41.29,-71.33,21.76
41.29,-71.31,21.66
41.29,-71.29,21.34
41.29,-71.27,21.08
41.29,-71.25,20.93
41.29,-71.23,20.82
41.29,-71.21,20.66
41.29,-71.19,20.53
41.29,-71.17,20.59
41.29,-71.15,20.65
41.29,-71.13,20.73
41.29,-71.11,20.71
41.29,-71.09,20.67
41.29,-71.07,20.67
41.29,-71.05,20.75
41.29,-71.03,20.71
41.29,-71.01,20.56
41.29,-70.99,20.44
41.29,-70.97,20.43
41.29,-70.95,20.45
41.29,-70.93,20.49
41.29,-70.91,20.53
41.29,-70.89,20.53
41.29,-70.87,20.62
41.29,-70.85,20.64
41.29,-70.83,19.95
41.29,-70.81,20.16
41.29,-70.79,20.5
41.29,-70.77,20.8
41.29,-70.75,20.86
41.29,-70.73,21.14
41.29,-70.71,21.05
41.29,-70.69,20.85
41.29,-70.67,20.72
41.29,-70.65,20.84
41.29,-70.63,21.28
41.29,-70.61,21.11
41.29,-70.59,20.99
41.29,-70.57,21.01
41.29,-70.55,21.07
41.29,-70.53,20.61
41.29,-70.51,19.42
41.29,-70.49,19.42
41.29,-70.47,20.23
41.29,-70.45,20.56
41.29,-70.43,20.31
41.29,-70.41,20.06
41.29,-70.39,20.04
41.29,-70.37,20.05
41.29,-70.35,20.16
41.29,-70.33,20.49
41.29,-70.31,20.84
41.29,-70.29,20.97
41.29,-70.27,21.35
41.29,-70.25,22.13
41.29,-70.23,22.18
41.29,-70.21,22.15
41.29,-69.95,19.4
41.29,-69.93,18.85
41.29,-69.91,18.16
41.29,-69.89,17.58
41.29,-69.87,17.08
41.29,-69.85,16.75
41.29,-69.83,16.52
41.29,-69.81,16.33
41.29,-69.79,16.04
41.29,-69.77,15.94
41.29,-69.75,15.34
41.29,-69.73,15.02
41.29,-69.69,14.41
41.29,-69.67,14.28
41.29,-69.65,13.66
41.29,-69.63,13.15
41.29,-69.61,13.05
41.29,-69.59,12.9
41.29,-69.57,12.78
41.29,-69.55,12.87
41.29,-69.53,12.86
41.29,-69.47,13.65
41.29,-69.43,14.69
41.29,-69.29,16.91
41.29,-69.27,17.07
41.29,-69.25,17.69
41.29,-69.23,17.75
41.29,-69.21,17.17
41.29,-69.19,17.08
41.29,-69.17,16.51
41.29,-69.15,16.47
41.29,-69.13,17.07
41.29,-69.11,17.06
41.29,-69.09,17.08
41.29,-69.07,17.57
41.29,-69.05,17.76
41.29,-69.03,17.75
41.29,-69.01,17.86
41.29,-68.99,17.86
41.29,-68.97,17.88
41.27,-72.45,20.98
41.27,-72.43,20.91
41.27,-72.41,20.83
41.27,-72.33,22.51
41.27,-72.31,22.23
41.27,-72.29,21.68
41.27,-72.27,20.22
41.27,-72.25,20.2
41.27,-72.23,20.14
41.27,-72.21,20.17
41.27,-72.19,20.26
41.27,-72.17,20.34
41.27,-72.15,20.09
41.27,-72.13,19.73
41.27,-72.11,19.75
41.27,-72.09,20.0
41.27,-72.07,20.03
41.27,-72.05,19.96
41.27,-72.03,19.96
41.27,-71.97,19.58
41.27,-71.95,19.7
41.27,-71.93,19.98
41.27,-71.91,20.07
41.27,-71.89,20.23
41.27,-71.87,20.28
41.27,-71.85,20.51
41.27,-71.83,20.45
41.27,-71.81,20.42
41.27,-71.79,20.46
41.27,-71.77,20.47
41.27,-71.75,20.62
41.27,-71.73,20.75
41.27,-71.71,20.82
41.27,-71.69,20.73
41.27,-71.67,20.6
41.27,-71.65,20.48
41.27,-71.63,20.3
41.27,-71.61,20.05
41.27,-71.59,19.68
41.27,-71.57,19.72
41.27,-71.55,19.71
41.27,-71.53,19.79
41.27,-71.51,20.65
41.27,-71.49,21.1
41.27,-71.47,21.49
41.27,-71.45,21.65
41.27,-71.43,21.66
41.27,-71.41,21.48
41.27,-71.39,21.37
41.27,-71.37,21.17
41.27,-71.35,21.14
41.27,-71.33,21.36
41.27,-71.31,21.39
41.27,-71.29,21.25
41.27,-71.27,21.11
41.27,-71.25,21.04
41.27,-71.23,20.9
41.27,-71.21,20.84
41.27,-71.19,20.75
41.27,-71.17,20.8
41.27,-71.15,20.81
41.27,-71.13,20.75
41.27,-71.11,20.78
41.27,-71.09,20.77
41.27,-71.07,20.78
41.27,-71.05,20.75
41.27,-71.03,20.67
41.27,-71.01,20.49
41.27,-70.99,20.42
41.27,-70.97,20.5
41.27,-70.95,20.45
41.27,-70.93,20.75
41.27,-70.91,20.84
41.27,-70.89,20.81
41.27,-70.87,20.7
41.27,-70.85,20.61
41.27,-70.83,19.61
41.27,-70.81,20.17
41.27,-70.79,20.5
41.27,-70.77,21.2
41.27,-70.75,21.24
41.27,-70.73,21.16
41.27,-70.71,21.0
41.27,-70.69,20.82
41.27,-70.67,20.69
41.27,-70.65,20.8
41.27,-70.63,21.02
41.27,-70.61,20.92
41.27,-70.59,20.74
41.27,-70.57,20.84
41.27,-70.55,20.67
41.27,-70.53,20.31
41.27,-70.51,19.66
41.27,-70.49,19.61
41.27,-70.47,20.03
41.27,-70.45,20.29
41.27,-70.43,19.71
41.27,-70.41,19.73
41.27,-70.39,19.7
41.27,-70.37,19.63
41.27,-70.35,19.93
41.27,-70.33,20.1
41.27,-70.31,19.8
41.27,-70.29,19.74
41.27,-70.27,20.77
41.27,-70.25,21.0
41.27,-70.23,20.99
41.27,-70.21,20.18
41.27,-69.95,19.16
41.27,-69.93,18.39
41.27,-69.91,17.66
41.27,-69.89,17.44
41.27,-69.87,17.08
41.27,-69.85,16.59
41.27,-69.83,16.38
41.27,-69.81,16.16
41.27,-69.79,15.99
41.27,-69.77,15.97
41.27,-69.69,14.41
41.27,-69.67,14.37
41.27,-69.65,13.6
41.27,-69.63,13.2
41.27,-69.61,13.08
41.27,-69.59,12.87
41.27,-69.47,14.5
41.27,-69.45,14.63
41.27,-69.43,14.67
41.27,-69.29,16.92
41.27,-69.27,17.06
41.27,-69.25,17.06
41.27,-69.23,17.29
41.27,-69.21,16.84
41.27,-69.19,16.87
41.27,-69.17,16.52
41.27,-69.15,16.5
41.27,-69.13,17.06
41.27,-69.11,17.03
41.27,-69.09,16.99
41.27,-69.07,17.33
41.27,-69.05,17.59
41.27,-69.03,17.69
41.27,-69.01,17.73
41.27,-68.99,17.7
41.27,-68.97,17.64
41.25,-72.53,21.32
41.25,-72.41,20.74
41.25,-72.39,20.58
41.25,-72.37,20.34
41.25,-72.35,20.39
41.25,-72.33,22.39
41.25,-72.31,22.24
41.25,-72.29,21.31
41.25,-72.27,20.2
41.25,-72.25,20.11
41.25,-72.23,20.11
41.25,-72.21,20.2
41.25,-72.19,20.32
41.25,-72.17,20.38
41.25,-72.15,20.12
41.25,-72.13,20.04
41.25,-72.11,20.01
41.25,-72.09,19.9
41.25,-72.07,19.78
41.25,-72.05,19.73
41.25,-72.01,19.39
41.25,-71.99,19.42
41.25,-71.97,19.51
41.25,-71.95,19.54
41.25,-71.93,19.86
41.25,-71.91,20.06
41.25,-71.89,20.31
41.25,-71.87,20.37
41.25,-71.85,20.51
41.25,-71.83,20.5
41.25,-71.81,20.55
41.25,-71.79,20.56
41.25,-71.77,20.53
41.25,-71.75,20.5
41.25,-71.73,20.46
41.25,-71.71,20.8
41.25,-71.69,20.78
41.25,-71.67,20.68
41.25,-71.65,20.52
41.25,-71.63,20.3
41.25,-71.61,20.21
41.25,-71.59,19.84
41.25,-71.57,19.79
41.25,-71.55,19.75
41.25,-71.53,19.82
41.25,-71.51,20.73
41.25,-71.49,21.22
41.25,-71.47,21.51
41.25,-71.45,21.58
41.25,-71.43,21.58
41.25,-71.41,21.4
41.25,-71.39,21.16
41.25,-71.37,20.86
41.25,-71.35,20.9
41.25,-71.33,20.9
41.25,-71.31,20.99
41.25,-71.29,21.02
41.25,-71.27,21.02
41.25,-71.25,20.94
41.25,-71.23,20.87
41.25,-71.21,20.85
41.25,-71.19,20.93
41.25,-71.17,21.02
41.25,-71.15,21.04
41.25,-71.13,20.95
41.25,-71.11,20.72
41.25,-71.09,20.66
41.25,-71.07,20.62
41.25,-71.05,20.7
41.25,-71.03,20.63
41.25,-71.01,20.65
41.25,-70.99,20.73
41.25,-70.97,20.8
41.25,-70.95,20.88
41.25,-70.93,21.0
41.25,-70.91,20.97
41.25,-70.89,20.83
41.25,-70.87,20.72
41.25,-70.85,20.92
41.25,-70.83,20.94
41.25,-70.79,20.75
41.25,-70.77,21.22
41.25,-70.75,21.18
41.25,-70.73,20.91
41.25,-70.71,20.85
41.25,-70.69,20.8
41.25,-70.67,20.75
41.25,-70.65,20.81
41.25,-70.63,20.85
41.25,-70.61,20.72
41.25,-70.59,20.64
41.25,-70.57,20.56
41.25,-70.55,20.52
41.25,-70.53,20.46
41.25,-70.51,20.17
41.25,-70.49,19.93
41.25,-70.47,19.81
41.25,-70.45,19.75
41.25,-70.43,19.66
41.25,-70.41,19.73
41.25,-70.39,19.68
41.25,-70.37,19.86
41.25,-70.35,19.9
41.25,-70.33,19.91
41.25,-70.31,19.87
41.25,-70.29,19.83
41.25,-70.27,19.96
41.25,-70.25,20.27
41.25,-70.23,20.21
41.25,-70.21,20.12
41.25,-70.19,20.18
41.25,-70.17,20.34
41.25,-69.97,19.58
41.25,-69.95,18.91
41.25,-69.93,17.99
41.25,-69.91,17.38
41.25,-69.89,17.12
41.25,-69.87,16.33
41.25,-69.85,16.13
41.25,-69.83,16.05
41.25,-69.81,15.93
41.25,-69.79,15.95
41.25,-69.77,15.86
41.25,-69.75,15.6
41.25,-69.47,14.78
41.25,-69.45,14.75
41.25,-69.29,16.7
41.25,-69.27,16.85
41.25,-69.25,16.95
41.25,-69.23,16.9
41.25,-69.21,16.81
41.25,-69.19,16.77
41.25,-69.17,16.39
41.25,-69.15,16.47
41.25,-69.13,16.92
41.25,-69.11,17.16
41.25,-69.09,16.88
41.25,-69.07,16.62
41.25,-69.05,16.8
41.25,-69.03,17.2
41.25,-69.01,17.21
41.25,-68.99,16.7
41.25,-68.97,16.32
41.23,-72.35,20.36
41.23,-72.33,20.36
41.23,-72.29,20.13
41.23,-72.27,20.06
41.23,-72.25,20.02
41.23,-72.23,20.04
41.23,-72.21,20.22
41.23,-72.19,20.35
41.23,-72.17,20.38
41.23,-72.15,20.25
41.23,-72.13,20.11
41.23,-72.11,19.93
41.23,-72.09,19.92
41.23,-72.07,19.75
41.23,-72.05,19.47
41.23,-72.03,19.31
41.23,-72.01,19.29
41.23,-71.99,19.36
41.23,-71.97,19.32
41.23,-71.95,19.33
41.23,-71.93,19.61
41.23,-71.91,19.99
41.23,-71.89,20.17
41.23,-71.87,20.22
41.23,-71.85,20.52
41.23,-71.83,20.54
41.23,-71.81,20.46
41.23,-71.79,20.42
41.23,-71.77,20.47
41.23,-71.75,20.5
41.23,-71.73,20.31
41.23,-71.71,20.18
41.23,-71.69,20.27
41.23,-71.67,20.23
41.23,-71.65,20.06
41.23,-71.63,19.95
41.23,-71.61,19.96
41.23,-71.59,19.99
41.23,-71.57,20.13
41.23,-71.55,20.31
41.23,-71.53,20.33
41.23,-71.51,21.13
41.23,-71.49,21.35
41.23,-71.47,21.49
41.23,-71.45,21.61
41.23,-71.43,21.61
41.23,-71.41,21.38
41.23,-71.39,21.06
41.23,-71.37,20.74
41.23,-71.35,20.56
41.23,-71.33,20.69
41.23,-71.31,20.79
41.23,-71.29,20.84
41.23,-71.27,20.86
41.23,-71.25,20.89
41.23,-71.23,20.88
41.23,-71.21,20.91
41.23,-71.19,20.98
41.23,-71.17,21.06
41.23,-71.15,21.06
41.23,-71.13,20.83
41.23,-71.11,20.69
41.23,-71.09,20.69
41.23,-71.07,20.58
41.23,-71.05,20.47
41.23,-71.03,20.6
41.23,-71.01,20.74
41.23,-70.99,20.88
41.23,-70.97,20.99
41.23,-70.95,21.09
41.23,-70.93,21.03
41.23,-70.91,20.92
41.23,-70.89,20.83
41.23,-70.87,21.01
41.23,-70.85,21.29
41.23,-70.83,21.4
41.23,-70.81,20.97
41.23,-70.79,21.06
41.23,-70.77,21.12
41.23,-70.75,20.84
41.23,-70.73,20.82
41.23,-70.71,20.8
41.23,-70.69,20.77
41.23,-70.67,20.77
41.23,-70.65,20.85
41.23,-70.63,20.82
41.23,-70.61,20.74
41.23,-70.59,20.58
41.23,-70.57,20.53
41.23,-70.55,20.6
41.23,-70.53,20.64
41.23,-70.51,20.62
41.23,-70.49,20.34
41.23,-70.47,20.07
41.23,-70.45,20.22
41.23,-70.43,20.37
41.23,-70.41,20.36
41.23,-70.39,20.29
41.23,-70.37,19.95
41.23,-70.35,19.98
41.23,-70.33,20.08
41.23,-70.31,20.22
41.23,-70.29,20.21
41.23,-70.27,20.34
41.23,-70.25,20.58
41.23,-70.23,20.51
41.23,-70.21,20.12
41.23,-70.19,19.77
41.23,-70.17,20.11
41.23,-70.15,19.93
41.23,-70.13,20.02
41.23,-70.11,20.06
41.23,-70.09,20.03
41.23,-70.07,20.12
41.23,-70.05,20.07
41.23,-70.03,20.02
41.23,-70.01,19.57
41.23,-69.99,18.99
41.23,-69.97,18.7
41.23,-69.95,18.37
41.23,-69.93,18.03
41.23,-69.91,17.92
41.23,-69.89,17.58
41.23,-69.87,16.5
41.23,-69.85,16.17
41.23,-69.79,14.82
41.23,-69.77,14.99
41.23,-69.75,14.93
41.23,-69.73,14.36
41.23,-69.71,14.42
41.23,-69.69,14.51
41.23,-69.67,14.52
41.23,-69.63,14.27
41.23,-69.61,14.06
41.23,-69.29,17.48
41.23,-69.27,17.38
41.23,-69.25,17.1
41.23,-69.23,17.01
41.23,-69.21,16.75
41.23,-69.19,16.66
41.23,-69.17,16.53
41.23,-69.15,16.55
41.23,-69.13,16.7
41.23,-69.11,16.91
41.23,-69.09,17.18
41.23,-69.07,17.12
41.23,-69.05,16.88
41.23,-69.03,16.78
41.23,-69.01,16.58
41.23,-68.99,15.82
41.23,-68.97,15.83
41.21,-72.39,20.37
41.21,-72.37,19.98
41.21,-72.35,19.96
41.21,-72.29,20.22
41.21,-72.27,20.12
41.21,-72.25,19.95
41.21,-72.23,20.09
41.21,-72.21,20.19
41.21,-72.19,20.24
41.21,-72.17,19.98
41.21,-72.15,20.02
41.21,-72.13,20.12
41.21,-72.11,20.03
41.21,-72.09,19.71
41.21,-72.07,19.38
41.21,-72.05,19.21
41.21,-72.03,19.21
41.21,-72.01,19.31
41.21,-71.99,19.33
41.21,-71.97,19.34
41.21,-71.95,19.48
41.21,-71.93,19.51
41.21,-71.91,19.46
41.21,-71.89,19.5
41.21,-71.87,19.9
41.21,-71.85,19.98
41.21,-71.83,20.4
41.21,-71.81,20.44
41.21,-71.79,20.47
41.21,-71.77,20.57
41.21,-71.75,20.55
41.21,-71.73,20.3
41.21,-71.71,20.13
41.21,-71.69,20.11
41.21,-71.67,20.1
41.21,-71.65,19.86
41.21,-71.63,19.73
41.21,-71.61,19.9
41.21,-71.59,19.96
41.21,-71.55,20.85
41.21,-71.53,20.88
41.21,-71.51,21.14
41.21,-71.49,21.46
41.21,-71.47,21.6
41.21,-71.45,21.61
41.21,-71.43,21.62
41.21,-71.41,21.42
41.21,-71.39,21.06
41.21,-71.37,20.6
41.21,-71.35,20.55
41.21,-71.33,20.58
41.21,-71.31,20.66
41.21,-71.29,20.73
41.21,-71.27,20.79
41.21,-71.25,20.85
41.21,-71.23,20.9
41.21,-71.21,20.96
41.21,-71.19,21.0
41.21,-71.17,21.0
41.21,-71.15,20.92
41.21,-71.13,20.76
41.21,-71.11,20.65
41.21,-71.09,20.67
41.21,-71.07,20.64
41.21,-71.05,20.61
41.21,-71.03,20.52
41.21,-71.01,20.87
41.21,-70.99,21.0
41.21,-70.97,21.03
41.21,-70.95,20.87
41.21,-70.93,20.85
41.21,-70.91,20.93
41.21,-70.89,21.1
41.21,-70.87,21.14
41.21,-70.85,21.26
41.21,-70.83,21.25
41.21,-70.81,21.16
41.21,-70.79,21.11
41.21,-70.77,21.0
41.21,-70.75,20.93
41.21,-70.73,20.9
41.21,-70.71,20.87
41.21,-70.69,20.83
41.21,-70.67,20.79
41.21,-70.65,20.73
41.21,-70.63,20.7
41.21,-70.61,20.66
41.21,-70.59,20.49
41.21,-70.57,20.47
41.21,-70.55,20.52
41.21,-70.53,20.43
41.21,-70.51,20.5
41.21,-70.49,20.69
41.21,-70.47,20.62
41.21,-70.45,20.53
41.21,-70.43,20.56
41.21,-70.41,20.46
41.21,-70.39,20.33
41.21,-70.37,20.18
41.21,-70.35,20.16
41.21,-70.33,20.21
41.21,-70.31,20.31
41.21,-70.29,20.49
41.21,-70.27,21.08
41.21,-70.25,21.48
41.21,-70.23,21.06
41.21,-70.21,20.51
41.21,-70.19,20.45
41.21,-70.17,20.11
41.21,-70.15,19.98
41.21,-70.13,19.85
41.21,-70.11,19.89
41.21,-70.09,19.56
41.21,-70.07,19.25
41.21,-70.05,19.03
41.21,-70.03,18.89
41.21,-70.01,18.51
41.21,-69.99,18.53
41.21,-69.97,18.42
41.21,-69.95,18.31
41.21,-69.93,18.29
41.21,-69.91,18.15
41.21,-69.89,17.43
41.21,-69.87,16.46
41.21,-69.85,16.37
41.21,-69.83,16.25
41.21,-69.81,15.03
41.21,-69.79,14.85
41.21,-69.77,15.1
41.21,-69.75,15.17
41.21,-69.73,14.68
41.21,-69.71,14.48
41.21,-69.69,14.64
41.21,-69.65,14.51
41.21,-69.63,14.39
41.21,-69.61,14.19
41.21,-69.29,18.13
41.21,-69.27,18.27
41.21,-69.25,17.97
41.21,-69.23,17.39
41.21,-69.21,16.93
41.21,-69.19,16.82
41.21,-69.17,16.0
41.21,-69.15,16.51
41.21,-69.13,16.55
41.21,-69.11,16.72
41.21,-69.09,17.01
41.21,-69.07,17.06
41.21,-69.05,16.58
41.21,-69.03,16.11
41.21,-69.01,15.78
41.21,-68.99,15.62
41.19,-72.49,20.52
41.19,-72.41,20.77
41.19,-72.39,20.73
41.19,-72.37,20.65
41.19,-72.35,20.59
41.19,-72.33,20.49
41.19,-72.31,20.41
41.19,-72.29,20.28
41.19,-72.27,20.16
41.19,-72.25,20.08
41.19,-72.23,20.06
41.19,-72.21,20.19
41.19,-72.19,20.24
41.19,-72.17,19.87
41.19,-72.15,19.21
41.19,-72.13,19.26
41.19,-72.11,19.47
41.19,-72.09,19.5
41.19,-72.07,19.24
41.19,-72.05,19.14
41.19,-72.03,19.1
41.19,-72.01,19.23
41.19,-71.99,19.26
41.19,-71.97,19.33
41.19,-71.95,19.45
41.19,-71.93,19.5
41.19,-71.91,19.47
41.19,-71.89,19.44
41.19,-71.87,19.72
41.19,-71.85,20.31
41.19,-71.83,20.31
41.19,-71.81,20.44
41.19,-71.79,20.44
41.19,-71.77,20.22
41.19,-71.75,20.35
41.19,-71.73,20.27
41.19,-71.71,19.99
41.19,-71.69,19.86
41.19,-71.67,20.03
41.19,-71.65,19.85
41.19,-71.63,19.63
41.19,-71.61,19.6
41.19,-71.55,20.84
41.19,-71.53,20.92
41.19,-71.51,21.02
41.19,-71.49,21.31
41.19,-71.47,21.44
41.19,-71.45,21.45
41.19,-71.43,21.57
41.19,-71.41,21.38
41.19,-71.39,20.92
41.19,-71.37,20.61
41.19,-71.35,20.61
41.19,-71.33,20.72
41.19,-71.31,20.72
41.19,-71.29,20.81
41.19,-71.27,20.86
41.19,-71.25,20.9
41.19,-71.23,20.93
41.19,-71.21,20.96
41.19,-71.19,20.96
41.19,-71.17,20.92
41.19,-71.15,20.86
41.19,-71.13,20.62
41.19,-71.11,20.52
41.19,-71.09,20.54
41.19,-71.07,20.66
41.19,-71.05,20.66
41.19,-71.03,20.69
41.19,-71.01,20.91
41.19,-70.99,21.07
41.19,-70.97,21.07
41.19,-70.95,20.79
41.19,-70.93,20.88
41.19,-70.91,20.97
41.19,-70.89,20.94
41.19,-70.87,20.97
41.19,-70.85,20.96
41.19,-70.83,21.02
41.19,-70.81,21.04
41.19,-70.79,20.96
41.19,-70.77,20.98
41.19,-70.75,20.93
41.19,-70.73,20.66
41.19,-70.71,20.52
41.19,-70.69,20.63
41.19,-70.67,20.82
41.19,-70.65,20.81
41.19,-70.63,20.8
41.19,-70.61,20.72
41.19,-70.59,20.56
41.19,-70.57,20.4
41.19,-70.55,20.39
41.19,-70.53,20.43
41.19,-70.51,20.44
41.19,-70.49,20.41
41.19,-70.47,20.5
41.19,-70.45,20.49
41.19,-70.43,20.56
41.19,-70.41,20.6
41.19,-70.39,20.55
41.19,-70.37,20.32
41.19,-70.35,20.36
41.19,-70.33,20.49
41.19,-70.31,20.66
41.19,-70.29,21.63
41.19,-70.27,21.57
41.19,-70.25,20.39
41.19,-70.23,19.78
41.19,-70.21,20.2
41.19,-70.19,19.72
41.19,-70.17,19.66
41.19,-70.15,19.59
41.19,-70.13,19.38
41.19,-70.11,19.42
41.19,-70.09,19.41
41.19,-70.07,19.22
41.19,-70.05,19.05
41.19,-70.03,18.7
41.19,-70.01,18.32
41.19,-69.99,18.3
41.19,-69.97,18.19
41.19,-69.95,18.36
41.19,-69.93,18.51
41.19,-69.91,18.2
41.19,-69.89,17.26
41.19,-69.87,16.51
41.19,-69.85,16.45
41.19,-69.83,16.37
41.19,-69.81,15.83
41.19,-69.79,15.84
41.19,-69.77,16.66
41.19,-69.75,16.39
41.19,-69.73,14.94
41.19,-69.71,14.65
41.19,-69.69,14.86
41.19,-69.67,15.01
41.19,-69.63,14.5
41.19,-69.61,14.22
41.19,-69.59,13.86
41.19,-69.29,17.8
41.19,-69.27,17.75
41.19,-69.25,17.51
41.19,-69.23,17.3
41.19,-69.21,16.97
41.19,-69.19,16.82
41.19,-69.17,16.91
41.19,-69.15,16.97
41.19,-69.13,16.96
41.19,-69.11,16.87
41.19,-69.09,16.42
41.19,-69.07,16.39
41.19,-68.97,16.25
41.17,-72.43,20.93
41.17,-72.41,20.81
41.17,-72.39,20.75
41.17,-72.37,20.71
41.17,-72.35,20.68
41.17,-72.33,20.55
41.17,-72.31,20.44
41.17,-72.29,20.25
41.17,-72.27,20.14
41.17,-72.25,20.11
41.17,-72.23,20.13
41.17,-72.19,20.08
41.17,-72.17,19.87
41.17,-72.15,19.76
41.17,-72.13,19.74
41.17,-72.11,19.63
41.17,-72.09,19.57
41.17,-72.07,19.55
41.17,-72.05,19.26
41.17,-72.03,19.22
41.17,-72.01,19.06
41.17,-71.99,19.0
41.17,-71.97,19.17
41.17,-71.95,19.3
41.17,-71.93,19.34
41.17,-71.91,19.42
41.17,-71.89,19.48
41.17,-71.87,20.17
41.17,-71.85,20.49
41.17,-71.83,20.43
41.17,-71.81,20.49
41.17,-71.79,20.31
41.17,-71.77,19.98
41.17,-71.75,19.98
41.17,-71.73,20.05
41.17,-71.71,19.89
41.17,-71.69,19.97
41.17,-71.67,20.0
41.17,-71.65,19.67
41.17,-71.63,19.55
41.17,-71.55,20.78
41.17,-71.53,20.94
41.17,-71.51,21.2
41.17,-71.49,21.24
41.17,-71.47,21.25
41.17,-71.45,21.43
41.17,-71.43,21.61
41.17,-71.41,21.23
41.17,-71.39,20.82
41.17,-71.37,20.8
41.17,-71.35,20.9
41.17,-71.33,20.93
41.17,-71.31,20.97
41.17,-71.29,20.97
41.17,-71.27,20.98
41.17,-71.25,20.99
41.17,-71.23,20.99
41.17,-71.21,21.0
41.17,-71.19,20.96
41.17,-71.17,20.94
41.17,-71.15,20.84
41.17,-71.13,20.45
41.17,-71.11,20.33
41.17,-71.09,20.57
41.17,-71.07,20.71
41.17,-71.05,20.7
41.17,-71.03,20.84
41.17,-71.01,20.97
41.17,-70.99,20.94
41.17,-70.97,20.82
41.17,-70.95,20.7
41.17,-70.93,20.8
41.17,-70.91,20.64
41.17,-70.89,20.23
41.17,-70.87,20.26
41.17,-70.85,20.05
41.17,-70.83,19.88
41.17,-70.81,19.75
41.17,-70.79,19.72
41.17,-70.77,19.74
41.17,-70.75,19.84
41.17,-70.73,19.75
41.17,-70.71,19.68
41.17,-70.69,20.14
41.17,-70.67,20.4
41.17,-70.65,20.52
41.17,-70.63,20.56
41.17,-70.61,20.56
41.17,-70.59,20.58
41.17,-70.57,20.56
41.17,-70.55,20.51
41.17,-70.53,20.43
41.17,-70.51,20.36
41.17,-70.49,20.23
41.17,-70.47,20.17
41.17,-70.45,20.2
41.17,-70.43,20.32
41.17,-70.41,20.53
41.17,-70.39,20.62
41.17,-70.37,20.71
41.17,-70.35,20.9
41.17,-70.33,21.3
41.17,-70.31,21.46
41.17,-70.29,21.08
41.17,-70.27,20.38
41.17,-70.25,19.62
41.17,-70.23,19.13
41.17,-70.21,18.93
41.17,-70.19,18.98
41.17,-70.17,19.59
41.17,-70.15,19.18
41.17,-70.13,19.23
41.17,-70.11,19.31
41.17,-70.09,19.2
41.17,-70.07,19.17
41.17,-70.05,19.01
41.17,-70.03,18.74
41.17,-70.01,18.43
41.17,-69.99,18.27
41.17,-69.97,18.54
41.17,-69.95,18.59
41.17,-69.93,18.02
41.17,-69.91,17.38
41.17,-69.89,17.13
41.17,-69.87,16.81
41.17,-69.85,16.73
41.17,-69.83,16.32
41.17,-69.81,15.58
41.17,-69.79,15.47
41.17,-69.77,16.19
41.17,-69.75,15.45
41.17,-69.73,14.7
41.17,-69.71,14.72
41.17,-69.69,14.84
41.17,-69.67,14.98
41.17,-69.65,15.02
41.17,-69.59,13.93
41.17,-69.57,13.49
41.17,-69.55,13.4
41.17,-69.53,13.36
41.17,-69.27,17.55
41.17,-69.25,17.38
41.17,-69.23,17.27
41.17,-69.21,17.17
41.17,-69.19,17.2
41.17,-69.17,17.17
41.17,-69.15,17.0
41.17,-69.13,16.7
41.17,-69.11,16.36
41.17,-69.09,15.93
41.17,-69.07,15.96
41.17,-69.05,16.12
41.17,-69.03,16.28
41.17,-69.01,17.06
41.17,-68.99,17.31
41.17,-68.97,17.4
41.15,-72.45,21.09
41.15,-72.43,20.99
41.15,-72.41,20.91
41.15,-72.39,20.8
41.15,-72.37,20.77
41.15,-72.35,20.83
41.15,-72.33,20.66
41.15,-72.31,20.52
41.15,-72.23,22.27
41.15,-72.21,21.85
41.15,-72.19,20.37
41.15,-72.17,19.86
41.15,-72.15,19.96
41.15,-72.13,20.02
41.15,-72.11,19.6
41.15,-72.09,19.55
41.15,-72.07,19.59
41.15,-72.05,19.69
41.15,-72.03,19.75
41.15,-72.01,19.73
41.15,-71.99,19.62
41.15,-71.97,19.57
41.15,-71.95,19.53
41.15,-71.93,19.53
41.15,-71.91,19.6
41.15,-71.89,19.62
41.15,-71.87,19.63
41.15,-71.85,19.62
41.15,-71.83,19.89
41.15,-71.81,19.69
41.15,-71.79,19.94
41.15,-71.77,19.83
41.15,-71.75,19.76
41.15,-71.73,19.75
41.15,-71.71,19.84
41.15,-71.69,20.45
41.15,-71.67,20.21
41.15,-71.65,19.79
41.15,-71.63,19.51
41.15,-71.61,19.89
41.15,-71.55,20.85
41.15,-71.53,21.25
41.15,-71.51,21.24
41.15,-71.49,21.2
41.15,-71.47,21.31
41.15,-71.45,21.54
41.15,-71.43,21.56
41.15,-71.41,21.26
41.15,-71.39,20.81
41.15,-71.37,20.97
41.15,-71.35,21.07
41.15,-71.33,21.14
41.15,-71.31,21.18
41.15,-71.29,21.1
41.15,-71.27,21.05
41.15,-71.25,21.02
41.15,-71.23,21.01
41.15,-71.21,21.04
41.15,-71.19,21.04
41.15,-71.17,21.01
41.15,-71.15,20.88
41.15,-71.13,20.55
41.15,-71.11,20.3
41.15,-71.09,20.73
41.15,-71.07,20.78
41.15,-71.05,20.75
41.15,-71.03,20.72
41.15,-71.01,20.83
41.15,-70.99,20.96
41.15,-70.97,20.89
41.15,-70.95,20.66
41.15,-70.93,20.59
41.15,-70.91,20.19
41.15,-70.89,19.85
41.15,-70.87,19.65
41.15,-70.85,19.51
41.15,-70.83,19.33
41.15,-70.81,19.2
41.15,-70.79,19.37
41.15,-70.77,19.38
41.15,-70.75,19.47
41.15,-70.73,19.48
41.15,-70.71,19.52
41.15,-70.69,19.74
41.15,-70.67,19.94
41.15,-70.65,20.17
41.15,-70.63,20.28
41.15,-70.61,20.28
41.15,-70.59,20.3
41.15,-70.57,20.27
41.15,-70.55,20.25
41.15,-70.53,20.16
41.15,-70.51,20.02
41.15,-70.49,19.5
41.15,-70.47,19.5
41.15,-70.45,19.58
41.15,-70.43,19.93
41.15,-70.41,20.13
41.15,-70.39,20.43
41.15,-70.37,20.85
41.15,-70.35,21.1
41.15,-70.33,21.11
41.15,-70.31,20.02
41.15,-70.29,19.76
41.15,-70.27,19.51
41.15,-70.25,19.13
41.15,-70.23,19.04
41.15,-70.21,18.96
41.15,-70.19,18.52
41.15,-70.17,18.47
41.15,-70.15,19.06
41.15,-70.13,19.09
41.15,-70.11,19.0
41.15,-70.09,19.11
41.15,-70.07,19.05
41.15,-70.05,18.81
41.15,-70.03,18.67
41.15,-70.01,18.62
41.15,-69.99,18.65
41.15,-69.97,18.52
41.15,-69.95,18.26
41.15,-69.93,17.39
41.15,-69.91,17.33
41.15,-69.89,17.22
41.15,-69.87,17.07
41.15,-69.85,16.92
41.15,-69.83,16.41
41.15,-69.81,15.91
41.15,-69.79,15.87
41.15,-69.77,16.15
41.15,-69.75,15.65
41.15,-69.73,14.71
41.15,-69.71,14.71
41.15,-69.67,14.98
41.15,-69.59,13.79
41.15,-69.57,13.52
41.15,-69.55,13.45
41.15,-69.45,13.7
41.15,-69.27,17.49
41.15,-69.25,17.68
41.15,-69.23,17.75
41.15,-69.21,17.49
41.15,-69.19,17.45
41.15,-69.17,17.46
41.15,-69.15,17.42
41.15,-69.13,17.08
41.15,-69.11,16.5
41.15,-69.09,16.55
41.15,-69.07,16.36
41.15,-69.05,16.58
41.15,-69.03,16.77
41.15,-69.01,16.97
41.15,-68.99,17.19
41.15,-68.97,16.55
41.13,-72.43,21.05
41.13,-72.41,20.84
41.13,-72.39,20.84
41.13,-72.37,20.9
41.13,-72.31,23.41
41.13,-72.25,22.98
41.13,-72.23,22.6
41.13,-72.21,22.42
41.13,-72.19,22.0
41.13,-72.17,21.55
41.13,-72.15,22.35
41.13,-72.13,21.63
41.13,-72.11,21.55
41.13,-72.09,21.05
41.13,-72.07,20.08
41.13,-72.05,20.06
41.13,-72.03,20.02
41.13,-72.01,19.95
41.13,-71.99,19.85
41.13,-71.97,19.84
41.13,-71.95,19.97
41.13,-71.93,20.05
41.13,-71.91,19.87
41.13,-71.89,19.8
41.13,-71.87,19.79
41.13,-71.85,19.62
41.13,-71.83,19.45
41.13,-71.81,19.53
41.13,-71.79,19.63
41.13,-71.77,19.63
41.13,-71.75,19.6
41.13,-71.73,19.6
41.13,-71.71,19.63
41.13,-71.69,19.72
41.13,-71.67,19.98
41.13,-71.65,19.76
41.13,-71.63,19.29
41.13,-71.61,20.24
41.13,-71.59,21.04
41.13,-71.57,20.69
41.13,-71.55,20.7
41.13,-71.53,21.58
41.13,-71.51,21.65
41.13,-71.49,21.57
41.13,-71.47,21.55
41.13,-71.45,21.59
41.13,-71.43,21.55
41.13,-71.41,21.07
41.13,-71.39,20.96
41.13,-71.37,21.06
41.13,-71.35,21.2
41.13,-71.33,21.3
41.13,-71.31,21.32
41.13,-71.29,21.23
41.13,-71.27,21.21
41.13,-71.25,21.21
41.13,-71.23,21.15
41.13,-71.21,21.08
41.13,-71.19,21.06
41.13,-71.17,20.99
41.13,-71.15,20.8
41.13,-71.13,20.76
41.13,-71.11,20.84
41.13,-71.09,20.75
41.13,-71.07,20.74
41.13,-71.05,20.59
41.13,-71.03,20.59
41.13,-71.01,20.84
41.13,-70.99,20.98
41.13,-70.97,20.95
41.13,-70.95,20.04
41.13,-70.93,19.67
41.13,-70.91,20.07
41.13,-70.89,19.47
41.13,-70.87,19.38
41.13,-70.85,19.23
41.13,-70.83,19.05
41.13,-70.81,18.91
41.13,-70.79,18.83
41.13,-70.77,19.01
41.13,-70.75,19.02
41.13,-70.73,19.23
41.13,-70.71,19.27
41.13,-70.69,19.48
41.13,-70.67,19.52
41.13,-70.65,19.68
41.13,-70.63,19.8
41.13,-70.61,20.01
41.13,-70.59,19.99
41.13,-70.57,19.8
41.13,-70.55,19.64
41.13,-70.53,19.11
41.13,-70.51,18.56
41.13,-70.49,18.56
41.13,-70.47,18.49
41.13,-70.45,18.53
41.13,-70.43,18.99
41.13,-70.41,19.68
41.13,-70.39,20.06
41.13,-70.37,20.31
41.13,-70.35,20.54
41.13,-70.33,20.49
41.13,-70.31,19.63
41.13,-70.29,19.55
41.13,-70.27,19.07
41.13,-70.25,19.04
41.13,-70.23,19.03
41.13,-70.21,18.9
41.13,-70.19,18.43
41.13,-70.17,18.39
41.13,-70.15,18.88
41.13,-70.13,18.93
41.13,-70.11,18.83
41.13,-70.09,18.92
41.13,-70.07,18.9
41.13,-70.05,18.97
41.13,-70.03,19.02
41.13,-70.01,18.87
41.13,-69.99,18.58
41.13,-69.97,18.36
41.13,-69.95,18.2
41.13,-69.93,18.07
41.13,-69.91,17.96
41.13,-69.89,17.93
41.13,-69.87,17.78
41.13,-69.85,17.36
41.13,-69.83,16.56
41.13,-69.81,16.32
41.13,-69.79,16.09
41.13,-69.77,16.16
41.13,-69.75,15.59
41.13,-69.73,15.04
41.13,-69.71,14.99
41.13,-69.69,15.12
41.13,-69.67,15.13
41.13,-69.65,14.93
41.13,-69.63,14.71
41.13,-69.61,14.63
41.13,-69.59,13.98
41.13,-69.57,13.8
41.13,-69.55,13.54
41.13,-69.37,14.46
41.13,-69.33,14.85
41.13,-69.31,14.83
41.13,-69.29,15.13
41.13,-69.27,17.27
41.13,-69.25,17.28
41.13,-69.23,17.25
41.13,-69.21,17.18
41.13,-69.19,17.13
41.13,-69.17,16.3
41.13,-69.15,16.45
41.13,-69.13,16.79
41.13,-69.11,16.66
41.13,-69.09,16.62
41.13,-69.07,16.08
41.13,-69.05,15.99
41.13,-69.03,16.05
41.13,-69.01,15.49
41.13,-68.99,15.47
41.13,-68.97,15.44
41.11,-73.33,22.68
41.11,-73.31,22.73
41.11,-72.39,20.82
41.11,-72.33,23.37
41.11,-72.31,23.33
41.11,-72.29,23.03
41.11,-72.27,22.97
41.11,-72.25,22.98
41.11,-72.23,22.99
41.11,-72.21,22.8
41.11,-72.19,22.8
41.11,-72.17,23.04
41.11,-72.15,23.03
41.11,-72.13,22.79
41.11,-72.09,21.54
41.11,-72.07,21.47
41.11,-72.05,20.51
41.11,-72.03,20.19
41.11,-72.01,20.02
41.11,-71.99,20.01
41.11,-71.97,20.35
41.11,-71.95,20.57
41.11,-71.93,20.67
41.11,-71.91,20.32
41.11,-71.89,19.86
41.11,-71.87,19.88
41.11,-71.85,19.86
41.11,-71.83,19.35
41.11,-71.81,19.3
41.11,-71.79,19.31
41.11,-71.77,19.43
41.11,-71.75,19.19
41.11,-71.73,18.94
41.11,-71.71,18.96
41.11,-71.69,19.74
41.11,-71.67,20.04
41.11,-71.65,19.64
41.11,-71.63,19.57
41.11,-71.61,20.5
41.11,-71.59,21.1
41.11,-71.57,21.21
41.11,-71.55,21.27
41.11,-71.53,21.63
41.11,-71.51,21.73
41.11,-71.49,21.7
41.11,-71.47,21.66
41.11,-71.45,21.62
41.11,-71.43,21.21
41.11,-71.41,21.07
41.11,-71.39,21.14
41.11,-71.37,21.26
41.11,-71.35,21.32
41.11,-71.33,21.37
41.11,-71.31,21.37
41.11,-71.29,21.31
41.11,-71.27,21.28
41.11,-71.25,21.28
41.11,-71.23,21.22
41.11,-71.21,21.16
41.11,-71.19,21.2
41.11,-71.17,21.14
41.11,-71.15,21.04
41.11,-71.13,20.88
41.11,-71.11,20.81
41.11,-71.09,20.65
41.11,-71.07,20.59
41.11,-71.05,20.52
41.11,-71.03,20.56
41.11,-71.01,20.85
41.11,-70.99,20.96
41.11,-70.97,20.89
41.11,-70.95,19.37
41.11,-70.93,19.12
41.11,-70.91,19.14
41.11,-70.89,18.98
41.11,-70.87,18.94
41.11,-70.85,18.89
41.11,-70.83,18.79
41.11,-70.81,18.75
41.11,-70.79,18.72
41.11,-70.77,18.75
41.11,-70.75,18.73
41.11,-70.73,18.68
41.11,-70.71,19.01
41.11,-70.69,19.31
41.11,-70.67,19.3
41.11,-70.65,19.42
41.11,-70.63,19.45
41.11,-70.61,19.28
41.11,-70.59,19.08
41.11,-70.57,19.04
41.11,-70.55,18.5
41.11,-70.53,18.42
41.11,-70.51,18.26
41.11,-70.49,18.65
41.11,-70.47,19.09
41.11,-70.45,19.18
41.11,-70.43,19.23
41.11,-70.41,19.63
41.11,-70.39,19.68
41.11,-70.37,19.78
41.11,-70.35,19.74
41.11,-70.33,19.75
41.11,-70.31,19.28
41.11,-70.29,19.07
41.11,-70.27,19.01
41.11,-70.25,18.86
41.11,-70.23,18.85
41.11,-70.21,18.92
41.11,-70.19,18.82
41.11,-70.17,18.4
41.11,-70.15,18.63
41.11,-70.13,18.79
41.11,-70.11,18.81
41.11,-70.09,18.74
41.11,-70.07,18.72
41.11,-70.05,18.94
41.11,-70.03,18.95
41.11,-70.01,18.51
41.11,-69.99,18.47
41.11,-69.97,18.47
41.11,-69.95,18.4
41.11,-69.93,18.17
41.11,-69.91,18.04
41.11,-69.89,17.91
41.11,-69.87,17.75
41.11,-69.85,17.3
41.11,-69.83,16.87
41.11,-69.81,16.61
41.11,-69.79,16.31
41.11,-69.77,16.23
41.11,-69.75,15.64
41.11,-69.73,15.32
41.11,-69.71,15.29
41.11,-69.69,15.27
41.11,-69.67,15.14
41.11,-69.65,14.83
41.11,-69.63,14.65
41.11,-69.61,14.35
41.11,-69.59,14.02
41.11,-69.57,13.78
41.11,-69.55,13.62
41.11,-69.53,13.49
41.11,-69.51,13.45
41.11,-69.31,14.91
41.09,-73.41,22.5
41.09,-73.35,22.75
41.09,-73.33,22.75
41.09,-73.31,22.77
41.09,-73.29,22.9
41.09,-73.27,22.96
41.09,-73.25,22.87
41.09,-72.31,23.29
41.09,-72.29,23.14
41.09,-72.27,23.24
41.09,-72.25,23.26
41.09,-72.23,23.25
41.09,-72.21,23.12
41.09,-72.19,23.08
41.09,-72.17,23.11
41.09,-72.15,23.44
41.09,-72.13,23.53
41.09,-72.07,21.29
41.09,-72.05,20.84
41.09,-72.03,20.31
41.09,-72.01,20.33
41.09,-71.99,20.51
41.09,-71.97,20.84
41.09,-71.95,20.99
41.09,-71.93,20.98
41.09,-71.91,20.79
41.09,-71.89,19.86
41.09,-71.87,19.85
41.09,-71.85,19.72
41.09,-71.83,19.63
41.09,-71.81,19.29
41.09,-71.79,19.2
41.09,-71.77,19.14
41.09,-71.75,19.12
41.09,-71.73,18.91
41.09,-71.71,18.95
41.09,-71.69,20.06
41.09,-71.67,20.59
41.09,-71.65,20.59
41.09,-71.63,20.53
41.09,-71.61,20.68
41.09,-71.59,21.24
41.09,-71.57,21.5
41.09,-71.55,21.58
41.09,-71.53,21.69
41.09,-71.51,21.69
41.09,-71.49,21.69
41.09,-71.47,21.66
41.09,-71.45,21.51
41.09,-71.43,21.2
41.09,-71.41,21.14
41.09,-71.39,21.17
41.09,-71.37,21.22
41.09,-71.35,21.31
41.09,-71.33,21.36
41.09,-71.31,21.37
41.09,-71.29,21.38
41.09,-71.27,21.37
41.09,-71.25,21.38
41.09,-71.23,21.27
41.09,-71.21,21.17
41.09,-71.19,21.19
41.09,-71.17,21.12
41.09,-71.15,20.75
41.09,-71.13,20.73
41.09,-71.11,20.75
41.09,-71.09,20.77
41.09,-71.07,20.44
41.09,-71.05,20.53
41.09,-71.03,20.55
41.09,-71.01,20.73
41.09,-70.99,20.92
41.09,-70.97,20.79
41.09,-70.95,19.67
41.09,-70.93,19.53
41.09,-70.91,19.23
41.09,-70.89,18.9
41.09,-70.87,18.89
41.09,-70.85,18.88
41.09,-70.83,18.87
41.09,-70.81,18.85
41.09,-70.79,18.8
41.09,-70.77,18.77
41.09,-70.75,18.82
41.09,-70.73,18.83
41.09,-70.71,18.81
41.09,-70.69,18.66
41.09,-70.67,18.65
41.09,-70.65,19.3
41.09,-70.63,19.32
41.09,-70.61,19.29
41.09,-70.59,19.23
41.09,-70.57,19.03
41.09,-70.55,18.61
41.09,-70.53,18.36
41.09,-70.51,18.35
41.09,-70.49,18.87
41.09,-70.47,19.63
41.09,-70.45,19.78
41.09,-70.43,19.9
41.09,-70.41,19.99
41.09,-70.39,19.77
41.09,-70.37,19.39
41.09,-70.35,19.21
41.09,-70.33,19.08
41.09,-70.31,18.96
41.09,-70.29,18.68
41.09,-70.27,18.55
41.09,-70.25,18.52
41.09,-70.23,18.53
41.09,-70.21,18.73
41.09,-70.19,18.68
41.09,-70.17,18.28
41.09,-70.15,18.35
41.09,-70.13,18.94
41.09,-70.11,18.96
41.09,-70.09,18.89
41.09,-70.07,18.93
41.09,-70.05,19.0
41.09,-70.03,18.86
41.09,-70.01,18.54
41.09,-69.99,18.52
41.09,-69.97,18.56
41.09,-69.95,18.39
41.09,-69.93,18.04
41.09,-69.91,17.96
41.09,-69.89,17.78
41.09,-69.87,17.45
41.09,-69.85,17.19
41.09,-69.83,16.65
41.09,-69.81,16.52
41.09,-69.79,16.49
41.09,-69.77,16.15
41.09,-69.75,15.78
41.09,-69.73,15.49
41.09,-69.71,15.38
41.09,-69.69,15.07
41.09,-69.67,14.8
41.09,-69.65,14.78
41.09,-69.63,14.39
41.09,-69.61,14.27
41.09,-69.59,14.14
41.09,-69.57,14.03
41.09,-69.55,13.94
41.09,-69.53,13.63
41.09,-69.51,13.5
41.07,-73.37,22.5
41.07,-73.35,22.56
41.07,-73.33,22.66
41.07,-73.31,22.65
41.07,-73.29,22.68
41.07,-73.27,22.82
41.07,-73.25,22.87
41.07,-73.23,22.88
41.07,-72.27,23.55
41.07,-72.25,23.37
41.07,-72.23,23.29
41.07,-72.21,23.23
41.07,-72.19,23.21
41.07,-72.17,23.28
41.07,-72.15,23.39
41.07,-72.13,23.49
41.07,-72.11,23.52
41.07,-72.07,21.64
41.07,-72.05,21.62
41.07,-72.03,21.62
41.07,-72.01,21.3
41.07,-71.99,21.25
41.07,-71.97,21.22
41.07,-71.85,19.76
41.07,-71.83,19.6
41.07,-71.81,19.41
41.07,-71.79,19.27
41.07,-71.77,19.23
41.07,-71.75,19.24
41.07,-71.73,19.28
41.07,-71.71,20.09
41.07,-71.69,21.24
41.07,-71.67,21.19
41.07,-71.65,21.07
41.07,-71.63,20.83
41.07,-71.61,21.01
41.07,-71.59,21.57
41.07,-71.57,21.68
41.07,-71.55,21.66
41.07,-71.53,21.69
41.07,-71.51,21.68
41.07,-71.49,21.67
41.07,-71.47,21.59
41.07,-71.45,21.45
41.07,-71.43,21.42
41.07,-71.41,21.33
41.07,-71.39,21.28
41.07,-71.37,21.23
41.07,-71.35,21.24
41.07,-71.33,21.27
41.07,-71.31,21.37
41.07,-71.29,21.43
41.07,-71.27,21.46
41.07,-71.25,21.48
41.07,-71.23,21.39
41.07,-71.21,21.36
41.07,-71.19,21.33
41.07,-71.17,20.91
41.07,-71.15,20.63
41.07,-71.13,20.6
41.07,-71.11,20.72
41.07,-71.09,20.61
41.07,-71.07,20.48
41.07,-71.05,20.49
41.07,-71.03,20.61
41.07,-71.01,20.82
41.07,-70.99,20.75
41.07,-70.97,20.43
41.07,-70.95,19.99
41.07,-70.93,19.46
41.07,-70.91,19.26
41.07,-70.89,19.08
41.07,-70.87,19.0
41.07,-70.85,18.88
41.07,-70.83,18.86
41.07,-70.81,18.93
41.07,-70.79,18.88
41.07,-70.77,18.89
41.07,-70.75,18.82
41.07,-70.73,18.83
41.07,-70.71,18.86
41.07,-70.69,18.78
41.07,-70.67,18.66
41.07,-70.65,18.73
41.07,-70.63,18.89
41.07,-70.61,19.23
41.07,-70.59,19.21
41.07,-70.57,19.13
41.07,-70.55,19.0
41.07,-70.53,18.83
41.07,-70.51,18.9
41.07,-70.49,19.15
41.07,-70.47,19.6
41.07,-70.45,19.59
41.07,-70.43,19.8
41.07,-70.41,19.74
41.07,-70.39,19.63
41.07,-70.37,19.36
41.07,-70.35,19.03
41.07,-70.33,18.81
41.07,-70.31,18.73
41.07,-70.29,18.57
41.07,-70.27,18.42
41.07,-70.25,18.33
41.07,-70.23,18.29
41.07,-70.21,18.43
41.07,-70.19,18.69
41.07,-70.17,18.74
41.07,-70.15,18.32
41.07,-70.13,18.84
41.07,-70.11,19.13
41.07,-70.09,19.02
41.07,-70.07,18.96
41.07,-70.05,19.0
41.07,-70.03,18.98
41.07,-70.01,19.0
41.07,-69.97,18.14
41.07,-69.95,18.0
41.07,-69.93,17.84
41.07,-69.91,17.69
41.07,-69.89,17.55
41.07,-69.87,17.39
41.07,-69.85,17.12
41.07,-69.83,16.64
41.07,-69.81,16.7
41.07,-69.79,16.6
41.07,-69.77,16.0
41.07,-69.75,15.8
41.07,-69.73,15.71
41.07,-69.69,14.93
41.07,-69.67,14.77
41.07,-69.65,14.68
41.07,-69.63,14.58
41.07,-69.61,14.2
41.07,-69.59,14.18
41.07,-69.57,14.09
41.07,-69.55,14.0
41.07,-69.53,13.81
41.07,-69.51,13.48
41.05,-73.33,22.56
41.05,-73.31,22.57
41.05,-73.29,22.6
41.05,-73.27,22.9
41.05,-73.25,22.88
41.05,-73.23,22.72
41.05,-73.21,22.63
41.05,-73.03,22.71
41.05,-73.01,23.0
41.05,-72.27,23.98
41.05,-72.25,23.76
41.05,-72.23,23.53
41.05,-72.21,23.52
41.05,-72.19,23.42
41.05,-72.15,23.32
41.05,-72.13,23.38
41.05,-72.11,23.36
41.05,-72.09,22.47
41.05,-72.07,21.67
41.05,-72.05,21.65
41.05,-72.03,21.6
41.05,-72.01,21.57
41.05,-71.99,21.42
41.05,-71.97,21.25
41.05,-71.87,20.26
41.05,-71.85,20.01
41.05,-71.83,19.74
41.05,-71.81,19.55
41.05,-71.79,19.35
41.05,-71.77,19.36
41.05,-71.75,19.31
41.05,-71.73,19.41
41.05,-71.71,19.72
41.05,-71.69,21.43
41.05,-71.67,21.56
41.05,-71.65,21.41
41.05,-71.63,21.17
41.05,-71.61,21.36
41.05,-71.59,21.47
41.05,-71.57,21.68
41.05,-71.55,21.67
41.05,-71.53,21.65
41.05,-71.51,21.65
41.05,-71.49,21.63
41.05,-71.47,21.61
41.05,-71.45,21.69
41.05,-71.43,21.66
41.05,-71.41,21.57
41.05,-71.39,21.45
41.05,-71.37,21.38
41.05,-71.35,21.33
41.05,-71.33,21.3
41.05,-71.31,21.34
41.05,-71.29,21.43
41.05,-71.27,21.46
41.05,-71.25,21.46
41.05,-71.23,21.43
41.05,-71.21,21.36
41.05,-71.19,21.23
41.05,-71.17,20.81
41.05,-71.15,20.63
41.05,-71.13,20.6
41.05,-71.11,20.63
41.05,-71.09,20.53
41.05,-71.07,20.44
41.05,-71.05,20.46
41.05,-71.03,20.63
41.05,-71.01,20.6
41.05,-70.99,20.48
41.05,-70.97,19.99
41.05,-70.95,19.6
41.05,-70.93,19.42
41.05,-70.91,19.51
41.05,-70.89,19.61
41.05,-70.87,20.05
41.05,-70.85,19.37
41.05,-70.83,19.08
41.05,-70.81,19.07
41.05,-70.79,19.05
41.05,-70.77,19.05
41.05,-70.75,18.98
41.05,-70.73,18.88
41.05,-70.71,18.76
41.05,-70.69,18.77
41.05,-70.67,18.7
41.05,-70.65,18.76
41.05,-70.63,18.76
41.05,-70.61,18.73
41.05,-70.59,18.8
41.05,-70.57,19.02
41.05,-70.55,19.04
41.05,-70.53,18.98
41.05,-70.51,19.11
41.05,-70.49,19.19
41.05,-70.47,19.58
41.05,-70.45,19.41
41.05,-70.43,19.4
41.05,-70.41,19.42
41.05,-70.39,19.27
41.05,-70.37,19.0
41.05,-70.35,18.46
41.05,-70.33,18.4
41.05,-70.31,18.42
41.05,-70.29,18.41
41.05,-70.27,18.35
41.05,-70.25,18.04
41.05,-70.23,17.98
41.05,-70.21,17.91
41.05,-70.19,17.98
41.05,-70.17,18.35
41.05,-70.15,18.36
41.05,-70.13,18.37
41.05,-70.11,18.65
41.05,-70.09,19.21
41.05,-70.07,19.25
41.05,-70.05,19.18
41.05,-70.03,19.17
41.05,-70.01,19.22
41.05,-69.99,18.97
41.05,-69.97,18.36
41.05,-69.95,17.95
41.05,-69.93,17.7
41.05,-69.91,17.48
41.05,-69.89,17.4
41.05,-69.87,17.2
41.05,-69.85,17.0
41.05,-69.83,16.88
41.05,-69.81,16.89
41.05,-69.79,16.72
41.05,-69.77,16.17
41.05,-69.75,15.5
41.05,-69.73,15.55
41.05,-69.71,15.28
41.05,-69.69,15.01
41.05,-69.67,15.01
41.05,-69.65,14.83
41.05,-69.63,14.41
41.05,-69.61,14.12
41.05,-69.59,13.97
41.05,-69.57,13.95
41.05,-69.55,13.63
41.05,-69.53,13.6
41.03,-73.27,23.08
41.03,-73.13,22.41
41.03,-73.11,22.2
41.03,-73.09,22.07
41.03,-73.07,22.08
41.03,-73.05,22.6
41.03,-73.03,22.69
41.03,-73.01,22.91
41.03,-72.99,22.98
41.03,-72.97,22.99
41.03,-72.95,23.03
41.03,-72.93,23.12
41.03,-72.91,23.19
41.03,-72.87,23.09
41.03,-72.75,22.75
41.03,-72.29,24.35
41.03,-72.27,24.37
41.03,-72.25,24.03
41.03,-72.13,23.26
41.03,-72.11,23.26
41.03,-72.09,23.21
41.03,-72.07,22.86
41.03,-72.05,22.17
41.03,-72.03,21.62
41.03,-71.93,20.41
41.03,-71.91,20.34
41.03,-71.89,20.29
41.03,-71.87,20.24
41.03,-71.85,19.76
41.03,-71.83,19.75
41.03,-71.81,19.57
41.03,-71.79,19.5
41.03,-71.77,19.67
41.03,-71.75,19.76
41.03,-71.73,19.78
41.03,-71.71,20.15
41.03,-71.69,21.46
41.03,-71.67,21.59
41.03,-71.65,21.66
41.03,-71.63,21.69
41.03,-71.61,21.69
41.03,-71.59,21.66
41.03,-71.57,21.67
41.03,-71.55,21.66
41.03,-71.53,21.65
41.03,-71.51,21.66
41.03,-71.49,21.64
41.03,-71.47,21.65
41.03,-71.45,21.67
41.03,-71.43,21.61
41.03,-71.41,21.56
41.03,-71.39,21.52
41.03,-71.37,21.51
41.03,-71.35,21.46
41.03,-71.33,21.39
41.03,-71.31,21.38
41.03,-71.29,21.42
41.03,-71.27,21.42
41.03,-71.25,21.39
41.03,-71.23,21.33
41.03,-71.21,21.33
41.03,-71.19,21.24
41.03,-71.17,20.85
41.03,-71.15,20.61
41.03,-71.13,20.62
41.03,-71.11,20.6
41.03,-71.09,20.42
41.03,-71.07,20.4
41.03,-71.05,20.43
41.03,-71.03,20.41
41.03,-71.01,20.32
41.03,-70.99,20.15
41.03,-70.97,19.71
41.03,-70.95,19.48
41.03,-70.93,19.39
41.03,-70.91,19.45
41.03,-70.89,19.82
41.03,-70.87,20.29
41.03,-70.85,20.32
41.03,-70.83,20.19
41.03,-70.81,19.38
41.03,-70.79,19.29
41.03,-70.77,19.21
41.03,-70.75,19.06
41.03,-70.73,18.86
41.03,-70.71,18.8
41.03,-70.69,18.77
41.03,-70.67,18.71
41.03,-70.65,18.8
41.03,-70.63,18.76
41.03,-70.61,18.73
41.03,-70.59,18.73
41.03,-70.57,18.74
41.03,-70.55,18.92
41.03,-70.53,19.09
41.03,-70.51,19.13
41.03,-70.49,19.11
41.03,-70.47,19.41
41.03,-70.45,19.34
41.03,-70.43,18.98
41.03,-70.41,18.96
41.03,-70.39,18.99
41.03,-70.37,18.58
41.03,-70.35,18.29
41.03,-70.33,18.25
41.03,-70.31,18.29
41.03,-70.29,18.26
41.03,-70.27,18.01
41.03,-70.25,17.84
41.03,-70.23,17.25
41.03,-70.21,17.43
41.03,-70.19,17.62
41.03,-70.17,18.01
41.03,-70.15,18.13
41.03,-70.13,18.3
41.03,-70.11,18.52
41.03,-70.09,18.59
41.03,-70.07,18.83
41.03,-70.05,19.05
41.03,-70.03,19.22
41.03,-70.01,19.04
41.03,-69.99,18.87
41.03,-69.97,18.48
41.03,-69.95,18.15
41.03,-69.93,17.73
41.03,-69.91,17.47
41.03,-69.89,17.4
41.03,-69.87,17.22
41.03,-69.85,17.08
41.03,-69.83,17.06
41.03,-69.81,16.99
41.03,-69.79,16.77
41.03,-69.77,16.27
41.03,-69.75,15.5
41.03,-69.73,15.56
41.03,-69.71,15.26
41.03,-69.69,14.99
41.03,-69.67,14.98
41.03,-69.65,14.49
41.03,-69.63,14.28
41.03,-69.61,14.05
41.03,-69.59,13.88
41.03,-69.57,13.82
41.03,-69.55,13.59
41.01,-73.15,22.2
41.01,-73.13,22.22
41.01,-73.11,22.08
41.01,-73.09,22.03
41.01,-73.07,22.08
41.01,-73.05,22.09
41.01,-73.03,22.13
41.01,-72.99,22.17
41.01,-72.97,22.59
41.01,-72.95,22.73
41.01,-72.93,22.86
41.01,-72.91,23.15
41.01,-72.89,23.06
41.01,-72.87,23.02
41.01,-72.85,22.89
41.01,-72.83,22.74
41.01,-72.81,22.48
41.01,-72.79,22.53
41.01,-72.77,22.7
41.01,-72.75,22.71
41.01,-72.73,22.62
41.01,-72.71,21.81
41.01,-72.69,21.94
41.01,-72.67,21.95
41.01,-72.65,21.99
41.01,-72.29,24.69
41.01,-72.27,24.58
41.01,-72.11,23.11
41.01,-72.09,23.08
41.01,-72.05,22.74
41.01,-71.99,20.41
41.01,-71.97,20.41
41.01,-71.95,20.47
41.01,-71.93,20.46
41.01,-71.91,20.46
41.01,-71.89,20.25
41.01,-71.87,20.02
41.01,-71.85,19.6
41.01,-71.83,19.52
41.01,-71.81,19.46
41.01,-71.79,19.79
41.01,-71.77,20.97
41.01,-71.75,21.52
41.01,-71.73,21.51
41.01,-71.71,21.47
41.01,-71.69,21.47
41.01,-71.67,21.51
41.01,-71.65,21.61
41.01,-71.63,21.69
41.01,-71.61,21.74
41.01,-71.59,21.76
41.01,-71.57,21.75
41.01,-71.55,21.72
41.01,-71.53,21.7
41.01,-71.51,21.7
41.01,-71.49,21.7
41.01,-71.47,21.66
41.01,-71.45,21.62
41.01,-71.43,21.58
41.01,-71.41,21.56
41.01,-71.39,21.57
41.01,-71.37,21.47
41.01,-71.35,21.42
41.01,-71.33,21.34
41.01,-71.31,21.3
41.01,-71.29,21.3
41.01,-71.27,21.27
41.01,-71.25,21.28
41.01,-71.23,21.31
41.01,-71.21,21.3
41.01,-71.19,21.2
41.01,-71.17,20.64
41.01,-71.15,20.47
41.01,-71.13,20.57
41.01,-71.11,20.54
41.01,-71.09,20.39
41.01,-71.07,20.39
41.01,-71.05,20.39
41.01,-71.03,20.33
41.01,-71.01,20.08
41.01,-70.99,19.91
41.01,-70.97,19.67
41.01,-70.95,19.34
41.01,-70.93,19.2
41.01,-70.91,19.1
41.01,-70.89,20.26
41.01,-70.87,20.82
41.01,-70.85,20.74
41.01,-70.83,20.28
41.01,-70.81,19.55
41.01,-70.79,19.31
41.01,-70.77,19.16
41.01,-70.75,19.0
41.01,-70.73,18.88
41.01,-70.71,18.82
41.01,-70.69,18.79
41.01,-70.67,18.85
41.01,-70.65,18.86
41.01,-70.63,18.82
41.01,-70.61,18.9
41.01,-70.59,18.92
41.01,-70.57,18.88
41.01,-70.55,18.88
41.01,-70.53,18.87
41.01,-70.51,18.66
41.01,-70.49,18.72
41.01,-70.47,18.57
41.01,-70.45,18.77
41.01,-70.43,18.67
41.01,-70.41,18.58
41.01,-70.39,18.54
41.01,-70.37,18.31
41.01,-70.35,18.24
41.01,-70.33,18.19
41.01,-70.31,18.22
41.01,-70.29,17.84
41.01,-70.27,17.78
41.01,-70.25,17.4
41.01,-70.23,17.16
41.01,-70.21,17.35
41.01,-70.19,17.68
41.01,-70.17,17.87
41.01,-70.15,18.06
41.01,-70.13,18.27
41.01,-70.11,18.36
41.01,-70.09,18.68
41.01,-70.07,18.83
41.01,-70.05,19.08
41.01,-70.03,19.09
41.01,-70.01,18.89
41.01,-69.99,18.6
41.01,-69.97,18.37
41.01,-69.95,18.02
41.01,-69.93,17.84
41.01,-69.91,17.51
41.01,-69.89,17.3
41.01,-69.87,17.2
41.01,-69.85,17.09
41.01,-69.83,17.0
41.01,-69.81,16.97
41.01,-69.79,15.89
41.01,-69.77,15.72
41.01,-69.75,16.06
41.01,-69.73,15.81
41.01,-69.71,15.03
41.01,-69.69,14.89
41.01,-69.67,14.93
41.01,-69.65,14.63
41.01,-69.63,14.38
40.99,-73.17,22.19
40.99,-73.15,22.19
40.99,-73.13,22.12
40.99,-73.11,22.04
40.99,-73.05,22.16
40.99,-73.03,22.2
40.99,-73.01,22.23
40.99,-72.99,22.18
40.99,-72.97,22.14
40.99,-72.95,22.19
40.99,-72.93,22.57
40.99,-72.91,22.76
40.99,-72.89,22.89
40.99,-72.87,22.93
40.99,-72.85,22.84
40.99,-72.83,22.6
40.99,-72.81,22.3
40.99,-72.79,22.48
40.99,-72.77,21.8
40.99,-72.75,21.77
40.99,-72.73,21.79
40.99,-72.69,22.07
40.99,-72.67,22.06
40.99,-72.49,25.13
40.99,-72.47,25.17
40.99,-72.45,25.07
40.99,-72.41,25.21
40.99,-72.39,25.24
40.99,-72.05,20.99
40.99,-72.03,21.02
40.99,-72.01,21.01
40.99,-71.99,20.94
40.99,-71.97,20.51
40.99,-71.95,20.38
40.99,-71.93,20.45
40.99,-71.91,20.43
40.99,-71.89,20.4
40.99,-71.87,20.1
40.99,-71.85,20.12
40.99,-71.83,20.31
40.99,-71.81,20.48
40.99,-71.79,21.1
40.99,-71.77,21.36
40.99,-71.75,21.55
40.99,-71.73,21.59
40.99,-71.71,21.59
40.99,-71.69,21.58
40.99,-71.67,21.57
40.99,-71.65,21.58
40.99,-71.63,21.6
40.99,-71.61,21.62
40.99,-71.59,21.67
40.99,-71.57,21.67
40.99,-71.55,21.68
40.99,-71.53,21.69
40.99,-71.51,21.69
40.99,-71.49,21.65
40.99,-71.47,21.62
40.99,-71.45,21.57
40.99,-71.43,21.53
40.99,-71.41,21.51
40.99,-71.39,21.39
40.99,-71.37,21.32
40.99,-71.35,21.27
40.99,-71.33,21.17
40.99,-71.31,21.23
40.99,-71.29,21.22
40.99,-71.27,21.21
40.99,-71.25,21.2
40.99,-71.23,21.18
40.99,-71.21,21.19
40.99,-71.19,21.15
40.99,-71.17,20.87
40.99,-71.15,20.37
40.99,-71.13,20.33
40.99,-71.11,20.33
40.99,-71.09,20.2
40.99,-71.07,20.16
40.99,-71.05,20.18
40.99,-71.03,20.15
40.99,-71.01,20.09
40.99,-70.99,19.92
40.99,-70.97,19.73
40.99,-70.95,19.6
40.99,-70.93,19.33
40.99,-70.91,20.43
40.99,-70.89,20.79
40.99,-70.87,20.78
40.99,-70.85,20.71
40.99,-70.83,20.48
40.99,-70.81,19.58
40.99,-70.79,19.29
40.99,-70.77,19.21
40.99,-70.75,19.1
40.99,-70.73,18.94
40.99,-70.71,18.86
40.99,-70.69,18.89
40.99,-70.67,18.92
40.99,-70.65,18.88
40.99,-70.63,18.99
40.99,-70.61,19.18
40.99,-70.59,19.2
40.99,-70.57,19.07
40.99,-70.55,18.93
40.99,-70.53,18.86
40.99,-70.51,18.48
40.99,-70.49,18.49
40.99,-70.47,18.36
40.99,-70.45,18.28
40.99,-70.43,18.23
40.99,-70.41,18.15
40.99,-70.39,18.31
40.99,-70.37,18.24
40.99,-70.35,18.09
40.99,-70.33,18.09
40.99,-70.31,17.89
40.99,-70.29,17.76
40.99,-70.27,17.64
40.99,-70.25,17.39
40.99,-70.23,17.39
40.99,-70.21,17.33
40.99,-70.19,17.75
40.99,-70.17,17.98
40.99,-70.15,18.06
40.99,-70.13,18.44
40.99,-70.11,18.67
40.99,-70.09,18.84
40.99,-70.07,19.04
40.99,-70.05,19.06
40.99,-70.03,18.93
40.99,-70.01,18.76
40.99,-69.99,18.64
40.99,-69.97,18.53
40.99,-69.95,18.16
40.99,-69.93,18.11
40.99,-69.91,17.47
40.99,-69.89,17.16
40.99,-69.87,17.04
40.99,-69.85,16.96
40.99,-69.83,16.09
40.99,-69.81,15.83
40.99,-69.79,15.85
40.99,-69.77,15.94
40.99,-69.75,16.11
40.99,-69.73,15.76
40.99,-69.71,14.88
40.99,-69.69,14.86
40.99,-69.67,14.71
40.97,-73.19,22.34
40.97,-73.17,22.11
40.97,-73.03,22.27
40.97,-73.01,22.27
40.97,-72.99,22.33
40.97,-72.97,22.25
40.97,-72.95,22.27
40.97,-72.93,22.51
40.97,-72.91,22.76
40.97,-72.89,22.86
40.97,-72.87,22.95
40.97,-72.85,23.0
40.97,-72.79,21.88
40.97,-72.77,21.82
40.97,-72.53,24.96
40.97,-72.51,24.97
40.97,-72.49,25.06
40.97,-72.47,25.1
40.97,-72.45,25.08
40.97,-72.43,25.1
40.97,-72.41,25.29
40.97,-72.39,25.28
40.97,-72.11,20.9
40.97,-72.09,20.95
40.97,-72.07,20.99
40.97,-72.05,20.95
40.97,-72.03,20.95
40.97,-72.01,20.97
40.97,-71.99,20.98
40.97,-71.97,20.87
40.97,-71.95,20.61
40.97,-71.93,20.38
40.97,-71.91,20.23
40.97,-71.89,20.14
40.97,-71.87,20.14
40.97,-71.85,19.92
40.97,-71.83,20.05
40.97,-71.81,20.28
40.97,-71.79,20.42
40.97,-71.77,21.25
40.97,-71.75,21.57
40.97,-71.73,21.63
40.97,-71.71,21.59
40.97,-71.69,21.57
40.97,-71.67,21.58
40.97,-71.65,21.58
40.97,-71.63,21.6
40.97,-71.61,21.6
40.97,-71.59,21.64
40.97,-71.57,21.67
40.97,-71.55,21.67
40.97,-71.53,21.66
40.97,-71.51,21.66
40.97,-71.49,21.61
40.97,-71.47,21.54
40.97,-71.45,21.5
40.97,-71.43,21.41
40.97,-71.41,21.32
40.97,-71.39,21.27
40.97,-71.37,21.26
40.97,-71.35,21.27
40.97,-71.33,21.22
40.97,-71.31,21.2
40.97,-71.29,21.19
40.97,-71.27,21.18
40.97,-71.25,21.17
40.97,-71.23,21.16
40.97,-71.21,21.14
40.97,-71.19,21.15
40.97,-71.17,21.13
40.97,-71.15,20.83
40.97,-71.13,20.58
40.97,-71.11,20.25
40.97,-71.09,20.08
40.97,-71.07,19.93
40.97,-71.05,19.77
40.97,-71.03,19.82
40.97,-71.01,19.82
40.97,-70.99,19.77
40.97,-70.97,19.7
40.97,-70.95,20.63
40.97,-70.93,20.75
40.97,-70.91,20.79
40.97,-70.89,20.78
40.97,-70.87,20.76
40.97,-70.85,20.72
40.97,-70.83,20.48
40.97,-70.81,19.54
40.97,-70.79,19.31
40.97,-70.77,19.27
40.97,-70.75,19.16
40.97,-70.73,19.06
40.97,-70.71,19.0
40.97,-70.69,18.99
40.97,-70.67,19.09
40.97,-70.65,19.18
40.97,-70.63,19.17
40.97,-70.61,19.2
40.97,-70.59,19.25
40.97,-70.57,19.17
40.97,-70.55,18.99
40.97,-70.53,18.85
40.97,-70.51,18.64
40.97,-70.49,18.6
40.97,-70.47,18.56
40.97,-70.45,18.18
40.97,-70.43,17.5
40.97,-70.41,17.41
40.97,-70.39,17.68
40.97,-70.37,17.98
40.97,-70.35,17.92
40.97,-70.33,17.88
40.97,-70.31,17.91
40.97,-70.29,17.71
40.97,-70.27,17.71
40.97,-70.25,17.71
40.97,-70.23,17.65
40.97,-70.21,17.53
40.97,-70.19,17.54
40.97,-70.17,17.72
40.97,-70.15,18.24
40.97,-70.13,18.4
40.97,-70.11,18.65
40.97,-70.09,18.77
40.97,-70.07,18.49
40.97,-70.05,18.63
40.97,-70.03,18.61
40.97,-70.01,18.63
40.97,-69.99,18.74
40.97,-69.97,18.89
40.97,-69.95,18.65
40.97,-69.93,18.05
40.97,-69.91,17.16
40.97,-69.89,17.03
40.97,-69.87,16.88
40.97,-69.85,16.76
40.97,-69.83,16.26
40.97,-69.81,16.13
40.97,-69.79,15.95
40.95,-72.55,24.94
40.95,-72.53,24.97
40.95,-72.51,25.07
40.95,-72.49,25.09
40.95,-72.47,25.09
40.95,-72.45,25.12
40.95,-72.43,25.16
40.95,-72.41,25.29
40.95,-72.17,20.61
40.95,-72.15,20.71
40.95,-72.13,20.53
40.95,-72.11,20.66
40.95,-72.09,20.9
40.95,-72.07,21.01
40.95,-72.05,20.98
40.95,-72.03,20.91
40.95,-72.01,20.84
40.95,-71.99,20.89
40.95,-71.97,20.91
40.95,-71.95,20.69
40.95,-71.93,20.45
40.95,-71.91,20.38
40.95,-71.89,20.18
40.95,-71.87,20.02
40.95,-71.85,19.95
40.95,-71.83,20.17
40.95,-71.81,20.38
40.95,-71.79,21.09
40.95,-71.77,21.33
40.95,-71.75,21.53
40.95,-71.73,21.62
40.95,-71.71,21.57
40.95,-71.69,21.52
40.95,-71.67,21.5
40.95,-71.65,21.46
40.95,-71.63,21.48
40.95,-71.61,21.51
40.95,-71.59,21.57
40.95,-71.57,21.6
40.95,-71.55,21.6
40.95,-71.53,21.59
40.95,-71.51,21.55
40.95,-71.49,21.49
40.95,-71.47,21.43
40.95,-71.45,21.39
40.95,-71.43,21.35
40.95,-71.41,21.32
40.95,-71.39,21.33
40.95,-71.37,21.31
40.95,-71.35,21.26
40.95,-71.33,21.22
40.95,-71.31,21.21
40.95,-71.29,21.2
40.95,-71.27,21.18
40.95,-71.25,21.15
40.95,-71.23,21.13
40.95,-71.21,21.11
40.95,-71.19,21.14
40.95,-71.17,21.17
40.95,-71.15,21.22
40.95,-71.13,21.05
40.95,-71.11,20.8
40.95,-71.09,20.65
40.95,-71.07,20.58
40.95,-71.05,20.45
40.95,-71.03,20.34
40.95,-71.01,20.72
40.95,-70.99,20.79
40.95,-70.97,20.8
40.95,-70.95,20.72
40.95,-70.93,20.74
40.95,-70.91,20.75
40.95,-70.89,20.74
40.95,-70.87,20.71
40.95,-70.85,20.65
40.95,-70.83,20.54
40.95,-70.81,20.01
40.95,-70.79,19.64
40.95,-70.77,19.37
40.95,-70.75,19.41
40.95,-70.73,19.46
40.95,-70.71,19.25
40.95,-70.69,19.02
40.95,-70.67,19.05
40.95,-70.65,19.29
40.95,-70.63,19.29
40.95,-70.61,19.22
40.95,-70.59,19.21
40.95,-70.57,19.19
40.95,-70.55,18.91
40.95,-70.53,18.77
40.95,-70.51,18.77
40.95,-70.49,18.77
40.95,-70.47,18.74
40.95,-70.45,18.4
40.95,-70.43,17.5
40.95,-70.41,17.42
40.95,-70.39,17.55
40.95,-70.37,17.62
40.95,-70.35,17.6
40.95,-70.33,17.59
40.95,-70.31,17.65
40.95,-70.29,17.89
40.95,-70.27,17.91
40.95,-70.25,17.62
40.95,-70.23,17.55
40.95,-70.21,17.62
40.95,-70.19,17.65
40.95,-70.17,17.52
40.95,-70.15,17.57
40.95,-70.13,18.4
40.95,-70.11,18.66
40.95,-70.09,18.71
40.95,-70.07,18.37
40.95,-70.05,18.44
40.95,-70.03,18.52
40.95,-70.01,18.68
40.95,-69.99,19.04
40.95,-69.97,19.03
40.95,-69.95,18.44
40.95,-69.93,16.97
40.95,-69.91,16.93
40.95,-69.89,16.74
40.95,-69.87,16.74
40.95,-69.85,16.54
40.95,-69.83,16.41
40.95,-69.81,16.38
40.93,-72.61,24.98
40.93,-72.59,25.03
40.93,-72.57,25.03
40.93,-72.55,24.9
40.93,-72.53,24.9
40.93,-72.51,25.03
40.93,-72.49,24.88
40.93,-72.47,24.85
40.93,-72.45,25.14
40.93,-72.21,20.65
40.93,-72.19,20.59
40.93,-72.17,20.58
40.93,-72.15,20.74
40.93,-72.13,20.79
40.93,-72.11,20.81
40.93,-72.09,20.82
40.93,-72.07,20.83
40.93,-72.05,20.84
40.93,-72.03,20.9
40.93,-72.01,20.82
40.93,-71.99,20.88
40.93,-71.97,20.78
40.93,-71.95,20.51
40.93,-71.93,20.5
40.93,-71.91,20.55
40.93,-71.89,20.54
40.93,-71.87,20.44
40.93,-71.85,20.44
40.93,-71.83,20.8
40.93,-71.81,21.09
40.93,-71.79,21.14
40.93,-71.77,21.27
40.93,-71.75,21.45
40.93,-71.73,21.49
40.93,-71.71,21.47
40.93,-71.69,21.47
40.93,-71.67,21.44
40.93,-71.65,21.4
40.93,-71.63,21.39
40.93,-71.61,21.42
40.93,-71.59,21.42
40.93,-71.57,21.42
40.93,-71.55,21.45
40.93,-71.53,21.44
40.93,-71.51,21.4
40.93,-71.49,21.35
40.93,-71.47,21.33
40.93,-71.45,21.36
40.93,-71.43,21.35
40.93,-71.41,21.35
40.93,-71.39,21.35
40.93,-71.37,21.3
40.93,-71.35,21.26
40.93,-71.33,21.25
40.93,-71.31,21.22
40.93,-71.29,21.2
40.93,-71.27,21.17
40.93,-71.25,21.16
40.93,-71.23,21.13
40.93,-71.21,21.1
40.93,-71.19,21.08
40.93,-71.17,21.08
40.93,-71.15,21.08
40.93,-71.13,21.11
40.93,-71.11,21.09
40.93,-71.09,21.0
40.93,-71.07,20.91
40.93,-71.05,20.86
40.93,-71.03,20.88
40.93,-71.01,20.87
40.93,-70.99,20.88
40.93,-70.97,20.87
40.93,-70.95,20.8
40.93,-70.93,20.77
40.93,-70.91,20.72
40.93,-70.89,20.61
40.93,-70.87,20.2
40.93,-70.85,20.53
40.93,-70.83,20.46
40.93,-70.81,20.15
40.93,-70.79,19.91
40.93,-70.77,19.44
40.93,-70.75,19.49
40.93,-70.73,19.55
40.93,-70.71,19.55
40.93,-70.69,19.57
40.93,-70.67,19.32
40.93,-70.65,19.23
40.93,-70.63,19.24
40.93,-70.61,19.24
40.93,-70.59,19.18
40.93,-70.57,19.08
40.93,-70.55,18.97
40.93,-70.53,18.78
40.93,-70.51,18.79
40.93,-70.49,18.77
40.93,-70.47,18.69
40.93,-70.45,18.6
40.93,-70.43,18.09
40.93,-70.41,17.52
40.93,-70.39,17.49
40.93,-70.37,17.55
40.93,-70.35,17.46
40.93,-70.33,17.37
40.93,-70.31,17.51
40.93,-70.29,17.99
40.93,-70.27,17.99
40.93,-70.25,17.76
40.93,-70.23,17.84
40.93,-70.21,17.83
40.93,-70.19,17.61
40.93,-70.17,17.39
40.93,-70.15,17.3
40.93,-70.13,18.46
40.93,-70.11,18.52
40.93,-70.09,18.42
40.93,-70.07,18.5
40.93,-70.05,18.64
40.93,-70.03,18.61
40.93,-70.01,18.66
40.93,-69.99,18.81
40.93,-69.97,17.75
40.93,-69.95,17.01
40.93,-69.93,16.69
40.93,-69.91,16.5
40.93,-69.89,16.29
40.93,-69.87,16.33
40.93,-69.85,16.38
40.91,-72.57,25.06
40.91,-72.53,24.48
40.91,-72.51,24.64
40.91,-72.49,24.89
40.91,-72.47,24.91
40.91,-72.27,20.68
40.91,-72.25,20.66
40.91,-72.23,20.64
40.91,-72.21,20.62
40.91,-72.19,20.56
40.91,-72.17,20.56
40.91,-72.15,20.55
40.91,-72.13,20.65
40.91,-72.11,20.65
40.91,-72.09,20.63
40.91,-72.07,20.67
40.91,-72.05,20.69
40.91,-72.03,20.67
40.91,-72.01,20.72
40.91,-71.99,20.71
40.91,-71.97,20.59
40.91,-71.95,20.49
40.91,-71.93,20.54
40.91,-71.91,20.56
40.91,-71.89,20.55
40.91,-71.87,20.51
40.91,-71.85,20.86
40.91,-71.83,20.97
40.91,-71.81,21.07
40.91,-71.79,21.22
40.91,-71.77,21.29
40.91,-71.75,21.35
40.91,-71.73,21.33
40.91,-71.71,21.32
40.91,-71.69,21.3
40.91,-71.67,21.32
40.91,-71.65,21.31
40.91,-71.63,21.33
40.91,-71.61,21.37
40.91,-71.59,21.34
40.91,-71.57,21.33
40.91,-71.55,21.33
40.91,-71.53,21.32
40.91,-71.51,21.3
40.91,-71.49,21.3
40.91,-71.47,21.35
40.91,-71.45,21.39
40.91,-71.43,21.42
40.91,-71.41,21.39
40.91,-71.39,21.37
40.91,-71.37,21.32
40.91,-71.35,21.31
40.91,-71.33,21.3
40.91,-71.31,21.24
40.91,-71.29,21.16
40.91,-71.27,21.14
40.91,-71.25,21.14
40.91,-71.23,21.11
40.91,-71.21,21.05
40.91,-71.19,21.05
40.91,-71.17,21.04
40.91,-71.15,21.03
40.91,-71.13,21.02
40.91,-71.11,21.02
40.91,-71.09,21.0
40.91,-71.07,20.98
40.91,-71.05,20.95
40.91,-71.03,20.96
40.91,-71.01,20.94
40.91,-70.99,20.92
40.91,-70.97,20.9
40.91,-70.95,20.83
40.91,-70.93,20.8
40.91,-70.91,20.72
40.91,-70.89,20.57
40.91,-70.87,20.49
40.91,-70.85,20.6
40.91,-70.83,20.59
40.91,-70.81,20.52
40.91,-70.79,20.17
40.91,-70.77,20.03
40.91,-70.75,19.69
40.91,-70.73,19.68
40.91,-70.71,19.68
40.91,-70.69,19.69
40.91,-70.67,19.66
40.91,-70.65,19.35
40.91,-70.63,19.19
40.91,-70.61,19.16
40.91,-70.59,19.13
40.91,-70.57,19.06
40.91,-70.55,18.98
40.91,-70.53,18.92
40.91,-70.51,18.84
40.91,-70.49,18.76
40.91,-70.47,18.69
40.91,-70.45,18.7
40.91,-70.43,18.56
40.91,-70.41,18.23
40.91,-70.39,17.68
40.91,-70.37,17.36
40.91,-70.35,17.22
40.91,-70.33,17.16
40.91,-70.31,17.48
40.91,-70.29,17.71
40.91,-70.27,17.9
40.91,-70.25,17.89
40.91,-70.23,17.83
40.91,-70.21,17.89
40.91,-70.19,17.84
40.91,-70.17,17.34
40.91,-70.15,17.23
40.91,-70.13,17.98
40.91,-70.11,18.3
40.91,-70.09,18.42
40.91,-70.07,18.62
40.91,-70.05,18.75
40.91,-70.03,18.66
40.91,-70.01,18.57
40.91,-69.99,17.87
40.91,-69.97,16.9
40.91,-69.95,16.66
40.91,-69.93,16.58
40.91,-69.91,16.18
40.91,-69.07,15.9
40.91,-69.05,15.9
40.89,-73.37,21.61
40.89,-72.33,20.47
40.89,-72.31,20.46
40.89,-72.29,20.67
40.89,-72.27,20.73
40.89,-72.25,20.79
40.89,-72.23,20.78
40.89,-72.21,20.72
40.89,-72.19,20.63
40.89,-72.17,20.5
40.89,-72.15,20.28
40.89,-72.13,20.25
40.89,-72.11,20.39
40.89,-72.09,20.53
40.89,-72.07,20.59
40.89,-72.03,20.46
40.89,-72.01,20.56
40.89,-71.99,20.63
40.89,-71.97,20.53
40.89,-71.95,20.49
40.89,-71.93,20.54
40.89,-71.91,20.61
40.89,-71.89,20.78
40.89,-71.87,21.15
40.89,-71.85,21.24
40.89,-71.83,21.25
40.89,-71.81,21.28
40.89,-71.79,21.35
40.89,-71.77,21.39
40.89,-71.75,21.39
40.89,-71.73,21.33
40.89,-71.71,21.21
40.89,-71.69,21.15
40.89,-71.67,21.2
40.89,-71.65,21.23
40.89,-71.63,21.22
40.89,-71.61,21.21
40.89,-71.59,21.22
40.89,-71.57,21.24
40.89,-71.55,21.25
40.89,-71.53,21.25
40.89,-71.51,21.23
40.89,-71.49,21.27
40.89,-71.47,21.29
40.89,-71.45,21.32
40.89,-71.43,21.36
40.89,-71.41,21.43
40.89,-71.39,21.45
40.89,-71.37,21.36
40.89,-71.35,21.31
40.89,-71.33,21.32
40.89,-71.31,21.31
40.89,-71.29,21.25
40.89,-71.27,21.25
40.89,-71.25,21.21
40.89,-71.23,21.08
40.89,-71.21,21.07
40.89,-71.19,21.07
40.89,-71.17,21.01
40.89,-71.15,20.98
40.89,-71.13,20.96
40.89,-71.11,20.99
40.89,-71.09,21.0
40.89,-71.07,20.99
40.89,-71.05,20.96
40.89,-71.03,20.94
40.89,-71.01,20.94
40.89,-70.99,20.94
40.89,-70.97,20.93
40.89,-70.95,20.93
40.89,-70.93,20.9
40.89,-70.91,20.84
40.89,-70.89,20.59
40.89,-70.87,20.41
40.89,-70.85,20.41
40.89,-70.83,20.48
40.89,-70.81,20.5
40.89,-70.79,20.51
40.89,-70.77,20.36
40.89,-70.75,20.12
40.89,-70.73,19.93
40.89,-70.71,19.86
40.89,-70.69,19.78
40.89,-70.67,19.71
40.89,-70.65,19.58
40.89,-70.63,19.36
40.89,-70.61,19.16
40.89,-70.59,19.07
40.89,-70.57,19.02
40.89,-70.55,19.07
40.89,-70.53,19.05
40.89,-70.51,18.93
40.89,-70.49,18.87
40.89,-70.47,18.83
40.89,-70.45,18.75
40.89,-70.43,18.64
40.89,-70.41,18.62
40.89,-70.39,17.85
40.89,-70.37,17.33
40.89,-70.35,17.13
40.89,-70.33,17.22
40.89,-70.31,17.37
40.89,-70.29,17.52
40.89,-70.27,17.55
40.89,-70.25,17.67
40.89,-70.23,17.71
40.89,-70.21,17.84
40.89,-70.19,17.76
40.89,-70.17,17.52
40.89,-70.15,17.21
40.89,-70.13,17.78
40.89,-70.11,18.09
40.89,-70.09,18.27
40.89,-70.07,18.33
40.89,-70.05,18.54
40.89,-70.03,18.64
40.89,-70.01,18.52
40.89,-69.99,17.64
40.89,-69.97,16.78
40.89,-69.95,16.48
40.89,-69.93,16.27
40.89,-69.91,16.18
40.89,-69.89,16.17
40.87,-72.49,22.85
40.87,-72.47,22.86
40.87,-72.45,22.87
40.87,-72.37,20.46
40.87,-72.35,20.45
40.87,-72.33,20.82
40.87,-72.31,21.08
40.87,-72.29,21.12
40.87,-72.27,21.05
40.87,-72.25,20.85
40.87,-72.23,20.92
40.87,-72.21,20.95
40.87,-72.19,20.65
40.87,-72.17,20.22
40.87,-72.15,20.18
40.87,-72.13,20.21
40.87,-72.11,20.25
40.87,-72.05,20.41
40.87,-72.03,20.39
40.87,-72.01,20.38
40.87,-71.99,20.43
40.87,-71.97,20.41
40.87,-71.95,20.47
40.87,-71.93,20.54
40.87,-71.91,20.6
40.87,-71.89,21.07
40.87,-71.87,21.14
40.87,-71.85,21.28
40.87,-71.83,21.3
40.87,-71.81,21.31
40.87,-71.79,21.34
40.87,-71.77,21.35
40.87,-71.75,21.36
40.87,-71.73,21.27
40.87,-71.71,21.18
40.87,-71.69,21.13
40.87,-71.67,21.11
40.87,-71.65,21.1
40.87,-71.63,21.1
40.87,-71.61,21.15
40.87,-71.59,21.17
40.87,-71.57,21.15
40.87,-71.55,21.22
40.87,-71.53,21.33
40.87,-71.51,21.41
40.87,-71.49,21.43
40.87,-71.47,21.33
40.87,-71.45,21.35
40.87,-71.43,21.32
40.87,-71.41,21.38
40.87,-71.39,21.45
40.87,-71.37,21.46
40.87,-71.33,21.31
40.87,-71.31,21.3
40.87,-71.29,21.27
40.87,-71.27,21.23
40.87,-71.25,21.18
40.87,-71.23,21.16
40.87,-71.21,21.14
40.87,-71.19,21.1
40.87,-71.17,21.04
40.87,-71.15,21.0
40.87,-71.13,21.01
40.87,-71.11,20.99
40.87,-71.09,20.95
40.87,-71.07,20.94
40.87,-71.05,20.91
40.87,-71.03,20.93
40.87,-71.01,20.93
40.87,-70.99,20.89
40.87,-70.97,20.89
40.87,-70.95,20.87
40.87,-70.93,20.85
40.87,-70.91,20.87
40.87,-70.89,20.91
40.87,-70.87,20.6
40.87,-70.85,20.36
40.87,-70.83,20.32
40.87,-70.81,20.34
40.87,-70.79,20.44
40.87,-70.77,20.44
40.87,-70.75,20.19
40.87,-70.73,20.05
40.87,-70.71,19.93
40.87,-70.69,19.87
40.87,-70.67,19.73
40.87,-70.65,19.62
40.87,-70.63,19.57
40.87,-70.61,19.43
40.87,-70.59,19.2
40.87,-70.57,19.15
40.87,-70.55,19.07
40.87,-70.53,19.06
40.87,-70.51,18.99
40.87,-70.49,18.85
40.87,-70.47,18.79
40.87,-70.45,18.66
40.87,-70.43,18.61
40.87,-70.41,18.62
40.87,-70.39,18.44
40.87,-70.37,17.36
40.87,-70.35,17.06
40.87,-70.33,17.18
40.87,-70.31,17.34
40.87,-70.29,17.43
40.87,-70.27,17.57
40.87,-70.25,17.55
40.87,-70.23,17.45
40.87,-70.21,17.58
40.87,-70.19,17.41
40.87,-70.17,16.7
40.87,-70.15,16.49
40.87,-70.13,16.92
40.87,-70.11,17.42
40.87,-70.09,17.95
40.87,-70.07,18.08
40.87,-70.05,18.28
40.87,-70.03,18.3
40.87,-70.01,17.97
40.87,-69.99,17.52
40.87,-69.97,17.3
40.87,-69.95,16.48
40.87,-69.93,16.43
40.85,-72.51,23.92
40.85,-72.49,23.47
40.85,-72.47,22.82
40.85,-72.35,21.03
40.85,-72.33,21.07
40.85,-72.31,21.26
40.85,-72.29,21.19
40.85,-72.27,21.2
40.85,-72.25,21.24
40.85,-72.23,21.0
40.85,-72.21,20.9
40.85,-72.19,20.76
40.85,-72.17,20.47
40.85,-72.15,20.18
40.85,-72.07,20.14
40.85,-72.05,20.19
40.85,-72.03,20.28
40.85,-72.01,20.32
40.85,-71.99,20.42
40.85,-71.97,20.34
40.85,-71.95,20.57
40.85,-71.93,20.64
40.85,-71.91,21.11
40.85,-71.89,21.15
40.85,-71.87,21.2
40.85,-71.85,21.21
40.85,-71.83,21.24
40.85,-71.81,21.32
40.85,-71.79,21.35
40.85,-71.77,21.32
40.85,-71.75,21.31
40.85,-71.73,21.27
40.85,-71.71,21.16
40.85,-71.69,21.06
40.85,-71.67,21.02
40.85,-71.65,21.02
40.85,-71.63,21.04
40.85,-71.61,21.07
40.85,-71.59,21.1
40.85,-71.57,21.16
40.85,-71.55,21.36
40.85,-71.53,21.41
40.85,-71.51,21.44
40.85,-71.49,21.51
40.85,-71.47,21.56
40.85,-71.45,21.58
40.85,-71.43,21.53
40.85,-71.39,21.53
40.85,-71.37,21.5
40.85,-71.35,21.43
40.85,-71.33,21.28
40.85,-71.31,21.27
40.85,-71.29,21.29
40.85,-71.23,21.19
40.85,-71.21,21.2
40.85,-71.19,21.12
40.85,-71.17,21.08
40.85,-71.15,21.02
40.85,-71.13,21.0
40.85,-71.11,20.99
40.85,-71.09,20.98
40.85,-71.07,20.97
40.85,-71.05,20.97
40.85,-71.03,20.97
40.85,-71.01,20.99
40.85,-70.99,20.97
40.85,-70.97,20.96
40.85,-70.95,20.91
40.85,-70.93,20.85
40.85,-70.91,20.87
40.85,-70.89,20.93
40.85,-70.87,20.98
40.85,-70.85,20.89
40.85,-70.83,20.55
40.85,-70.81,20.2
40.85,-70.79,20.28
40.85,-70.77,20.18
40.85,-70.75,20.16
40.85,-70.73,20.03
40.85,-70.71,19.97
40.85,-70.69,19.91
40.85,-70.67,19.72
40.85,-70.65,19.71
40.85,-70.63,19.64
40.85,-70.61,19.5
40.85,-70.59,19.42
40.85,-70.57,19.26
40.85,-70.55,19.19
40.85,-70.53,19.09
40.85,-70.51,18.99
40.85,-70.49,18.89
40.85,-70.47,18.82
40.85,-70.45,18.62
40.85,-70.43,18.59
40.85,-70.41,18.57
40.85,-70.39,18.53
40.85,-70.37,18.5
40.85,-70.35,17.1
40.85,-70.33,17.09
40.85,-70.31,17.15
40.85,-70.29,17.17
40.85,-70.27,17.36
40.85,-70.25,17.52
40.85,-70.23,17.35
40.85,-70.21,17.26
40.85,-70.19,17.31
40.85,-70.17,17.12
40.85,-70.15,16.51
40.85,-70.13,17.01
40.85,-70.11,16.92
40.85,-70.09,16.69
40.85,-70.07,17.37
40.85,-70.05,17.46
40.85,-70.03,17.53
40.85,-70.01,17.13
40.85,-69.99,17.22
40.85,-69.97,17.4
40.85,-69.71,16.26
40.85,-69.51,14.56
40.85,-69.49,14.52
40.85,-69.19,15.88
40.83,-72.55,24.35
40.83,-72.53,23.93
40.83,-72.51,23.92
40.83,-72.35,21.04
40.83,-72.33,20.97
40.83,-72.31,21.17
40.83,-72.29,21.16
40.83,-72.27,21.07
40.83,-72.25,21.02
40.83,-72.23,21.0
40.83,-72.21,20.95
40.83,-72.19,20.92
40.83,-72.17,20.81
40.83,-72.11,20.69
40.83,-72.09,20.29
40.83,-72.07,20.11
40.83,-72.05,20.02
40.83,-72.03,19.92
40.83,-72.01,19.85
40.83,-71.99,19.98
40.83,-71.97,20.27
40.83,-71.95,20.69
40.83,-71.93,20.96
40.83,-71.91,21.14
40.83,-71.89,21.22
40.83,-71.87,21.22
40.83,-71.85,21.07
40.83,-71.83,21.04
40.83,-71.81,21.14
40.83,-71.79,21.34
40.83,-71.77,21.36
40.83,-71.75,21.39
40.83,-71.73,21.39
40.83,-71.71,21.29
40.83,-71.69,21.06
40.83,-71.67,21.03
40.83,-71.51,21.49
40.83,-71.49,21.53
40.83,-71.47,21.59
40.83,-71.45,21.63
40.83,-71.39,21.62
40.83,-71.37,21.64
40.83,-71.35,21.63
40.83,-71.33,21.58
40.83,-71.31,21.54
40.83,-71.29,21.39
40.83,-71.27,21.36
40.83,-71.23,21.21
40.83,-71.21,21.18
40.83,-71.19,21.13
40.83,-71.17,21.09
40.83,-71.15,21.03
40.83,-71.13,21.0
40.83,-71.11,20.95
40.83,-71.09,20.94
40.83,-71.07,20.98
40.83,-71.05,21.01
40.83,-71.03,21.03
40.83,-71.01,21.05
40.83,-70.99,21.05
40.83,-70.97,21.08
40.83,-70.95,21.07
40.83,-70.93,21.01
40.83,-70.91,20.95
40.83,-70.89,20.92
40.83,-70.87,20.9
40.83,-70.85,20.99
40.83,-70.83,20.95
40.83,-70.81,20.81
40.83,-70.79,20.48
40.83,-70.77,20.28
40.83,-70.75,20.2
40.83,-70.73,20.1
40.83,-70.71,19.99
40.83,-70.69,19.9
40.83,-70.67,19.78
40.83,-70.65,19.79
40.83,-70.63,19.68
40.83,-70.61,19.58
40.83,-70.59,19.46
40.83,-70.57,19.33
40.83,-70.55,19.24
40.83,-70.53,19.13
40.83,-70.51,18.98
40.83,-70.49,18.9
40.83,-70.47,18.8
40.83,-70.45,18.62
40.83,-70.43,18.66
40.83,-70.41,18.6
40.83,-70.39,18.51
40.83,-70.37,18.52
40.83,-70.31,17.0
40.83,-70.29,17.43
40.83,-70.27,17.48
40.83,-70.25,17.5
40.83,-70.23,17.32
40.83,-70.21,17.22
40.83,-70.19,17.28
40.83,-70.17,17.15
40.83,-70.15,16.94
40.83,-70.09,16.64
40.83,-70.07,16.55
40.83,-70.05,16.41
40.83,-70.03,16.42
40.83,-70.01,16.43
40.83,-69.73,16.3
40.83,-69.71,16.31
40.83,-69.57,14.41
40.83,-69.51,14.51
40.83,-69.49,14.33
40.81,-72.37,21.09
40.81,-72.35,21.05
40.81,-72.33,21.03
40.81,-72.31,21.1
40.81,-72.29,21.14
40.81,-72.27,21.05
40.81,-72.25,21.04
40.81,-72.23,21.04
40.81,-72.15,21.37
40.81,-72.13,21.32
40.81,-72.11,21.31
40.81,-72.09,21.3
40.81,-72.07,21.02
40.81,-72.05,20.57
40.81,-72.03,20.58
40.81,-72.01,20.17
40.81,-71.99,20.13
40.81,-71.97,20.13
40.81,-71.95,20.13
40.81,-71.93,20.79
40.81,-71.91,20.81
40.81,-71.89,21.04
40.81,-71.87,21.02
40.81,-71.85,20.89
40.81,-71.83,20.98
40.81,-71.81,21.0
40.81,-71.79,21.12
40.81,-71.77,21.35
40.81,-71.75,21.44
40.81,-71.73,21.46
40.81,-71.61,21.34
40.81,-71.59,21.33
40.81,-71.57,21.31
40.81,-71.55,21.33
40.81,-71.53,21.4
40.81,-71.51,21.43
40.81,-71.49,21.43
40.81,-71.47,21.49
40.81,-71.45,21.58
40.81,-71.43,21.56
40.81,-71.41,21.58
40.81,-71.39,21.66
40.81,-71.37,21.67
40.81,-71.35,21.67
40.81,-71.33,21.69
40.81,-71.31,21.66
40.81,-71.29,21.59
40.81,-71.27,21.38
40.81,-71.25,21.32
40.81,-71.23,21.25
40.81,-71.21,21.19
40.81,-71.19,21.15
40.81,-71.17,21.12
40.81,-71.15,21.04
40.81,-71.13,21.0
40.81,-71.11,20.94
40.81,-71.09,20.95
40.81,-71.07,20.98
40.81,-71.05,20.95
40.81,-71.03,20.93
40.81,-71.01,21.01
40.81,-70.99,21.08
40.81,-70.97,21.11
40.81,-70.95,21.13
40.81,-70.93,21.13
40.81,-70.91,21.08
40.81,-70.89,20.98
40.81,-70.87,20.9
40.81,-70.85,20.83
40.81,-70.83,20.87
40.81,-70.81,20.88
40.81,-70.79,20.74
40.81,-70.77,20.48
40.81,-70.75,20.31
40.81,-70.73,20.28
40.81,-70.71,20.13
40.81,-70.69,19.97
40.81,-70.67,19.84
40.81,-70.65,19.77
40.81,-70.63,19.69
40.81,-70.61,19.64
40.81,-70.59,19.53
40.81,-70.57,19.4
40.81,-70.55,19.26
40.81,-70.53,19.07
40.81,-70.51,18.94
40.81,-70.49,18.89
40.81,-70.47,18.79
40.81,-70.45,18.67
40.81,-70.43,18.72
40.81,-70.41,18.68
40.81,-70.39,18.53
40.81,-70.37,18.39
40.81,-70.35,18.24
40.81,-70.33,18.2
40.81,-70.07,16.12
40.81,-70.05,16.06
40.81,-70.03,16.07
40.81,-69.93,16.19
40.81,-69.71,16.3
40.81,-69.69,15.97
40.81,-69.57,14.68
40.79,-72.25,20.99
40.79,-72.17,21.49
40.79,-72.15,21.49
40.79,-72.13,21.47
40.79,-72.11,21.48
40.79,-72.09,21.52
40.79,-72.07,21.48
40.79,-72.05,21.14
40.79,-72.03,21.17
40.79,-72.01,20.97
40.79,-71.99,20.51
40.79,-71.97,20.41
40.79,-71.95,20.16
40.79,-71.91,20.58
40.79,-71.89,20.57
40.79,-71.87,20.87
40.79,-71.85,20.81
40.79,-71.83,20.86
40.79,-71.81,20.86
40.79,-71.79,20.86
40.79,-71.77,21.02
40.79,-71.75,21.19
40.79,-71.73,21.16
40.79,-71.71,21.11
40.79,-71.69,21.16
40.79,-71.63,21.36
40.79,-71.61,21.36
40.79,-71.59,21.37
40.79,-71.57,21.34
40.79,-71.55,21.38
40.79,-71.53,21.45
40.79,-71.51,21.47
40.79,-71.49,21.49
40.79,-71.47,21.49
40.79,-71.45,21.53
40.79,-71.43,21.51
40.79,-71.41,21.54
40.79,-71.39,21.65
40.79,-71.37,21.67
40.79,-71.35,21.69
40.79,-71.33,21.68
40.79,-71.31,21.67
40.79,-71.29,21.63
40.79,-71.27,21.61
40.79,-71.25,21.5
40.79,-71.23,21.46
40.79,-71.21,21.29
40.79,-71.19,21.25
40.79,-71.17,21.22
40.79,-71.15,21.09
40.79,-71.13,21.07
40.79,-71.11,20.95
40.79,-71.09,20.93
40.79,-71.07,20.97
40.79,-71.05,20.92
40.79,-71.03,20.83
40.79,-71.01,20.85
40.79,-70.99,21.02
40.79,-70.97,21.09
40.79,-70.95,21.12
40.79,-70.93,21.1
40.79,-70.91,21.06
40.79,-70.89,21.01
40.79,-70.87,20.93
40.79,-70.85,20.8
40.79,-70.83,20.67
40.79,-70.81,20.61
40.79,-70.79,20.6
40.79,-70.77,20.64
40.79,-70.75,20.49
40.79,-70.73,20.39
40.79,-70.71,20.24
40.79,-70.69,20.1
40.79,-70.67,19.97
40.79,-70.65,19.9
40.79,-70.63,19.83
40.79,-70.61,19.76
40.79,-70.59,19.65
40.79,-70.57,19.47
40.79,-70.55,19.17
40.79,-70.53,18.84
40.79,-70.51,18.88
40.79,-70.49,18.88
40.79,-70.47,18.86
40.79,-70.45,18.69
40.79,-70.43,18.75
40.79,-70.41,18.77
40.79,-70.39,18.5
40.79,-70.37,18.21
40.79,-70.35,18.03
40.79,-70.33,18.18
40.79,-69.71,15.56
40.79,-69.69,15.48
40.79,-69.67,15.4
40.77,-72.17,21.51
40.77,-72.15,21.56
40.77,-72.13,21.63
40.77,-72.11,21.6
40.77,-72.09,21.61
40.77,-72.07,21.7
40.77,-72.05,21.62
40.77,-72.03,21.44
40.77,-72.01,21.33
40.77,-71.99,21.04
40.77,-71.97,20.84
40.77,-71.95,20.29
40.77,-71.81,20.83
40.77,-71.79,20.76
40.77,-71.77,20.87
40.77,-71.75,20.9
40.77,-71.73,20.87
40.77,-71.71,20.86
40.77,-71.69,21.13
40.77,-71.67,21.17
40.77,-71.65,21.27
40.77,-71.63,21.36
40.77,-71.61,21.37
40.77,-71.59,21.4
40.77,-71.57,21.42
40.77,-71.55,21.49
40.77,-71.53,21.54
40.77,-71.51,21.55
40.77,-71.49,21.59
40.77,-71.47,21.59
40.77,-71.45,21.57
40.77,-71.43,21.48
40.77,-71.41,21.48
40.77,-71.39,21.48
40.77,-71.37,21.57
40.77,-71.33,21.79
40.77,-71.31,21.81
40.77,-71.29,21.73
40.77,-71.27,21.7
40.77,-71.25,21.67
40.77,-71.23,21.67
40.77,-71.21,21.58
40.77,-71.19,21.49
40.77,-71.17,21.51
40.77,-71.15,21.37
40.77,-71.13,21.21
40.77,-71.11,21.09
40.77,-71.09,21.02
40.77,-71.07,21.0
40.77,-71.05,20.93
40.77,-71.03,20.85
40.77,-71.01,20.83
40.77,-70.99,20.85
40.77,-70.97,20.87
40.77,-70.95,21.05
40.77,-70.93,21.09
40.77,-70.91,21.0
40.77,-70.89,20.96
40.77,-70.87,20.82
40.77,-70.85,20.61
40.77,-70.83,20.46
40.77,-70.81,20.46
40.77,-70.79,20.45
40.77,-70.77,20.46
40.77,-70.75,20.41
40.77,-70.73,20.34
40.77,-70.71,20.2
40.77,-70.69,20.09
40.77,-70.67,20.05
40.77,-70.65,20.0
40.77,-70.63,19.94
40.77,-70.61,19.8
40.77,-70.59,19.64
40.77,-70.57,19.24
40.77,-69.69,15.38
40.77,-69.67,15.33
40.77,-69.65,15.22
40.75,-72.17,21.58
40.75,-72.15,21.62
40.75,-72.13,21.64
40.75,-72.11,21.61
40.75,-72.09,21.63
40.75,-72.07,21.65
40.75,-72.05,21.63
40.75,-72.03,21.54
40.75,-72.01,21.47
40.75,-71.99,21.38
40.75,-71.97,20.99
40.75,-71.95,20.88
40.75,-71.93,20.55
40.75,-71.91,20.55
40.75,-71.89,20.58
40.75,-71.85,20.54
40.75,-71.83,20.76
40.75,-71.81,20.96
40.75,-71.79,21.09
40.75,-71.77,20.93
40.75,-71.75,20.94
40.75,-71.73,20.91
40.75,-71.71,20.91
40.75,-71.69,21.04
40.75,-71.67,21.15
40.75,-71.65,21.25
40.75,-71.63,21.33
40.75,-71.61,21.36
40.75,-71.59,21.41
40.75,-71.57,21.44
40.75,-71.55,21.49
40.75,-71.53,21.53
40.75,-71.51,21.59
40.75,-71.49,21.89
40.75,-71.47,21.96
40.75,-71.45,21.93
40.75,-71.35,21.62
40.75,-71.33,21.74
40.75,-71.31,21.82
40.75,-71.29,21.93
40.75,-71.27,21.99
40.75,-71.25,21.85
40.75,-71.23,21.76
40.75,-71.21,21.7
40.75,-71.19,21.67
40.75,-71.17,21.66
40.75,-71.15,21.58
40.75,-71.13,21.41
40.75,-71.11,21.26
40.75,-71.09,21.13
40.75,-71.07,21.05
40.75,-71.05,21.07
40.75,-70.97,20.9
40.75,-70.95,21.04
40.75,-70.93,21.03
40.75,-70.91,20.94
40.75,-70.89,20.86
40.75,-70.87,20.56
40.75,-70.85,20.32
40.75,-70.83,20.28
40.75,-70.81,20.32
40.75,-70.79,20.32
40.75,-70.77,20.31
40.75,-70.75,20.32
40.75,-70.73,20.21
40.75,-70.71,20.13
40.75,-70.69,20.04
40.75,-70.67,20.03
40.75,-70.65,19.95
40.75,-70.63,19.9
40.75,-70.61,19.8
40.75,-70.59,19.46
40.75,-70.57,19.19
40.73,-72.17,21.39
40.73,-72.15,21.42
40.73,-72.05,21.63
40.73,-72.03,21.66
40.73,-72.01,21.76
40.73,-71.99,21.56
40.73,-71.97,21.26
40.73,-71.95,21.18
40.73,-71.93,20.86
40.73,-71.91,20.74
40.73,-71.89,20.74
40.73,-71.87,20.87
40.73,-71.85,20.87
40.73,-71.83,20.82
40.73,-71.81,20.89
40.73,-71.79,21.38
40.73,-71.77,21.33
40.73,-71.75,21.31
40.73,-71.73,21.52
40.73,-71.71,21.49
40.73,-71.69,21.56
40.73,-71.67,21.48
40.73,-71.65,21.49
40.73,-71.63,21.58
40.73,-71.61,21.62
40.73,-71.59,21.61
40.73,-71.57,21.54
40.73,-71.55,21.59
40.73,-71.53,21.89
40.73,-71.51,22.04
40.73,-71.49,22.07
40.73,-71.37,21.71
40.73,-71.35,21.61
40.73,-71.33,21.56
40.73,-71.31,21.7
40.73,-71.29,21.84
40.73,-71.27,21.91
40.73,-71.25,21.96
40.73,-71.23,21.91
40.73,-71.21,21.79
40.73,-71.19,21.78
40.73,-71.17,21.77
40.73,-71.15,21.7
40.73,-71.13,21.54
40.73,-71.11,21.45
40.73,-71.09,21.4
40.73,-71.07,21.39
40.73,-71.05,21.3
40.73,-70.95,21.05
40.73,-70.93,21.03
40.73,-70.89,20.4
40.73,-70.87,20.0
40.73,-70.85,19.99
40.73,-70.83,20.04
40.73,-70.81,20.07
40.73,-70.79,20.07
40.73,-70.77,20.06
40.73,-70.75,20.21
40.73,-69.81,16.93
40.71,-72.17,21.13
40.71,-72.05,21.65
40.71,-72.03,21.63
40.71,-72.01,21.7
40.71,-71.99,21.57
40.71,-71.97,21.5
40.71,-71.95,21.36
40.71,-71.93,20.86
40.71,-71.91,20.5
40.71,-71.89,20.54
40.71,-71.87,20.89
40.71,-71.85,20.68
40.71,-71.83,20.7
40.71,-71.81,20.78
40.71,-71.79,20.79
40.71,-71.73,21.77
40.71,-71.71,21.78
40.71,-71.69,21.73
40.71,-71.67,21.86
40.71,-71.65,21.92
40.71,-71.63,21.9
40.71,-71.61,21.85
40.71,-71.59,21.87
40.71,-71.57,21.98
40.71,-71.55,22.02
40.71,-71.53,22.05
40.71,-71.51,22.12
40.71,-71.49,22.15
40.71,-71.37,21.81
40.71,-71.35,21.81
40.71,-71.33,21.74
40.71,-71.31,21.48
40.71,-71.29,21.57
40.71,-71.27,21.8
40.71,-71.25,22.01
40.71,-71.23,22.05
40.71,-71.21,22.05
40.71,-71.19,21.93
40.71,-71.17,21.77
40.71,-71.15,21.63
40.71,-71.13,21.57
40.71,-70.09,16.84
40.71,-70.07,16.89
40.69,-72.17,20.96
40.69,-72.09,21.73
40.69,-72.07,21.69
40.69,-72.05,21.68
40.69,-72.03,21.65
40.69,-72.01,21.59
40.69,-71.99,21.55
40.69,-71.97,21.57
40.69,-71.95,21.53
40.69,-71.93,20.92
40.69,-71.91,20.55
40.69,-71.83,20.89
40.69,-71.81,21.09
40.69,-71.75,22.09
40.69,-71.73,22.09
40.69,-71.71,21.9
40.69,-71.69,21.81
40.69,-71.67,21.79
40.69,-71.65,21.9
40.69,-71.63,21.99
40.69,-71.61,22.01
40.69,-71.59,22.0
40.69,-71.57,22.03
40.69,-71.55,22.11
40.69,-71.53,22.11
40.69,-71.51,22.13
40.69,-71.49,22.14
40.69,-71.31,21.65
40.69,-71.29,21.62
40.69,-71.27,21.71
40.69,-71.25,21.97
40.69,-71.23,22.08
40.69,-71.21,22.1
40.69,-70.17,16.48
40.69,-70.15,16.47
40.69,-70.13,16.5
40.69,-70.11,16.61
40.69,-70.09,16.71
40.69,-70.07,16.75
40.69,-70.05,16.47
40.69,-70.03,16.36
40.69,-70.01,16.32
40.69,-69.99,16.32
40.69,-69.87,16.15
40.67,-72.17,21.04
40.67,-72.15,21.05
40.67,-71.77,22.18
40.67,-71.75,22.18
40.67,-71.73,22.19
40.67,-71.71,22.21
40.67,-71.69,22.16
40.67,-71.67,21.99
40.67,-71.65,22.03
40.67,-71.63,22.17
40.67,-71.61,22.2
40.67,-71.59,22.16
40.67,-71.57,22.11
40.67,-71.55,22.11
40.67,-71.53,22.11
40.67,-70.23,16.56
40.67,-70.21,16.55
40.67,-70.19,16.71
40.67,-70.17,16.76
40.67,-70.15,16.69
40.67,-70.13,16.85
40.67,-70.11,16.83
40.67,-70.09,16.69
40.67,-70.07,16.61
40.67,-70.03,16.26
40.67,-70.01,16.31
40.67,-69.99,16.32
40.65,-71.75,22.21
40.65,-71.73,22.24
40.65,-71.71,22.21
40.65,-71.69,22.19
40.65,-71.67,22.17
40.65,-71.65,22.2
40.65,-71.63,22.2
40.65,-71.61,22.17
40.61,-72.31,21.22
40.61,-72.29,21.23
40.59,-72.37,20.37
40.59,-72.35,20.39
40.59,-72.33,20.96
40.59,-72.31,21.18
40.59,-72.29,21.17
40.59,-72.23,20.85
40.57,-72.39,20.39
40.57,-72.37,20.42
40.57,-72.35,20.5
40.57,-72.23,20.86
40.57,-72.21,20.82
40.57,-72.19,20.78
40.57,-72.17,20.72
40.55,-72.41,20.46
40.55,-72.39,20.45
40.55,-72.25,20.86
40.53,-72.17,21.72
40.53,-72.15,21.73
40.53,-72.13,21.83
40.53,-72.11,22.0
40.53,-72.09,22.09
40.53,-72.07,22.05
40.51,-72.19,22.38
40.51,-72.17,22.37
40.51,-72.15,22.26
40.51,-72.13,22.13
40.51,-72.11,22.1
40.51,-72.09,22.1
40.51,-72.07,22.05
40.49,-72.25,22.11
40.49,-72.19,22.42
40.49,-72.17,22.41
40.49,-72.15,22.35
40.49,-72.13,21.97
40.49,-72.11,22.06
39.31,-76.39,27.74
39.31,-71.73,24.14
39.29,-71.73,24.15
39.29,-71.71,24.06
39.27,-71.73,24.03
39.27,-71.71,24.01
39.23,-76.35,27.62
39.21,-76.35,27.66
39.21,-76.33,27.77
39.21,-76.31,27.88
39.21,-71.57,23.67
39.19,-76.35,27.76
39.19,-76.33,27.78
39.19,-76.31,27.79
39.19,-71.57,23.7
39.19,-71.55,23.72
39.19,-71.47,23.61
39.17,-76.35,27.87
39.17,-76.33,27.79
39.17,-76.31,27.73
39.17,-76.29,27.71
39.17,-71.55,23.8
39.17,-71.53,23.9
39.17,-71.47,23.59
39.15,-76.35,28.0
39.15,-76.33,28.05
39.15,-76.31,27.9
39.15,-76.29,27.81
39.15,-71.53,23.87
39.15,-71.51,23.87
39.15,-68.97,25.46
39.13,-76.35,28.2
39.13,-76.33,28.24
39.13,-76.31,28.07
39.13,-76.29,27.73
39.13,-76.27,27.64
39.13,-71.53,23.84
39.13,-71.51,23.82
39.13,-68.97,25.64
39.11,-76.33,27.96
39.11,-76.31,27.8
39.11,-76.29,27.75
39.11,-76.27,27.64
39.11,-74.65,24.01
39.11,-71.53,23.89
39.11,-71.51,23.87
39.11,-71.49,23.71
39.11,-71.47,23.52
39.11,-71.45,23.52
39.11,-71.43,23.52
39.09,-76.37,27.79
39.09,-76.35,27.57
39.09,-76.33,27.54
39.09,-76.31,27.53
39.09,-76.29,27.57
39.09,-76.27,27.59
39.09,-76.25,27.63
39.09,-76.17,28.5
39.09,-75.37,27.05
39.09,-75.35,26.99
39.09,-75.33,26.81
39.09,-71.49,23.71
39.09,-71.47,23.52
39.09,-70.67,23.72
39.07,-76.37,27.78
39.07,-76.35,27.8
39.07,-76.33,27.72
39.07,-76.31,27.67
39.07,-76.29,27.55
39.07,-76.27,27.58
39.07,-76.25,27.85
39.07,-75.35,26.83
39.07,-75.33,26.79
39.07,-75.31,26.72
39.07,-74.61,23.25
39.07,-74.49,27.05
39.07,-71.49,24.2
39.05,-76.37,27.62
39.05,-76.35,27.71
39.05,-76.33,27.77
39.05,-76.31,27.73
39.05,-76.29,27.66
39.05,-76.27,27.75
39.05,-76.25,27.85
39.05,-76.23,27.87
39.05,-76.19,28.25
39.05,-74.65,23.73
39.05,-74.63,23.19
39.05,-74.61,25.07
39.05,-74.59,26.09
39.05,-74.57,26.18
39.05,-74.43,26.82
39.05,-74.41,26.87
39.05,-74.39,26.6
39.05,-74.37,26.29
39.05,-74.35,26.03
39.05,-74.33,25.93
39.05,-74.31,25.83
39.05,-74.29,25.31
39.05,-74.27,25.28
39.05,-71.45,24.48
39.05,-70.35,25.33
39.05,-70.33,25.41
39.05,-70.25,25.05
39.03,-76.39,27.37
39.03,-76.37,27.51
39.03,-76.35,27.85
39.03,-76.33,27.85
39.03,-76.29,27.59
39.03,-76.27,27.57
39.03,-76.25,27.61
39.03,-74.69,23.82
39.03,-74.67,23.93
39.03,-74.65,24.44
39.03,-74.63,24.89
39.03,-74.61,25.76
39.03,-74.59,25.86
39.03,-74.53,26.82
39.03,-74.51,26.84
39.03,-74.49,27.05
39.03,-74.47,27.25
39.03,-74.45,27.11
39.03,-74.43,27.42
39.03,-74.41,27.61
39.03,-74.39,27.66
39.03,-74.37,27.15
39.03,-74.35,26.12
39.03,-74.33,25.95
39.03,-74.31,25.83
39.03,-74.29,25.46
39.03,-71.47,24.5
39.03,-71.45,24.51
39.03,-70.35,25.38
39.03,-70.33,25.57
39.03,-70.31,25.68
39.03,-70.25,25.07
39.03,-70.23,25.11
39.01,-76.39,27.48
39.01,-76.37,27.68
39.01,-76.35,27.78
39.01,-76.33,27.83
39.01,-76.29,27.66
39.01,-76.27,27.68
39.01,-76.25,27.74
39.01,-76.23,27.72
39.01,-74.69,23.82
39.01,-74.67,24.12
39.01,-74.65,24.17
39.01,-74.63,24.8
39.01,-74.61,25.38
39.01,-74.55,26.78
39.01,-74.53,26.78
39.01,-74.51,26.79
39.01,-74.49,27.06
39.01,-74.47,27.54
39.01,-74.45,27.89
39.01,-74.43,27.81
39.01,-74.41,27.93
39.01,-74.39,27.99
39.01,-74.37,27.91
39.01,-74.35,27.8
39.01,-74.33,27.48
39.01,-74.27,26.43
39.01,-74.25,26.14
39.01,-74.23,26.1
39.01,-74.21,26.15
39.01,-71.29,25.04
39.01,-71.27,24.99
39.01,-71.25,24.97
39.01,-70.33,25.62
39.01,-70.31,25.64
39.01,-70.29,25.6
38.99,-76.39,27.55
38.99,-76.37,27.67
38.99,-76.35,27.7
38.99,-76.27,27.75
38.99,-76.25,27.75
38.99,-76.23,27.7
38.99,-75.29,25.09
38.99,-75.27,25.1
38.99,-75.25,24.87
38.99,-75.23,24.96
38.99,-74.65,24.19
38.99,-74.49,26.47
38.99,-74.47,26.8
38.99,-74.45,27.36
38.99,-74.43,27.66
38.99,-74.41,27.89
38.99,-74.39,27.99
38.99,-74.37,27.96
38.99,-74.35,27.95
38.99,-74.33,27.86
38.99,-74.31,27.75
38.99,-74.29,27.47
38.99,-74.27,26.94
38.99,-74.25,26.66
38.99,-74.23,26.55
38.99,-74.21,26.42
38.99,-74.19,26.44
38.99,-71.31,25.1
38.99,-71.29,25.12
38.99,-71.27,25.05
38.99,-71.25,24.99
38.97,-76.39,27.34
38.97,-76.37,27.36
38.97,-76.35,27.38
38.97,-75.29,26.32
38.97,-75.27,26.26
38.97,-75.25,25.26
38.97,-75.23,24.98
38.97,-75.21,24.95
38.97,-74.49,25.9
38.97,-74.47,25.95
38.97,-74.45,26.3
38.97,-74.43,26.95
38.97,-74.41,27.46
38.97,-74.39,27.71
38.97,-74.37,27.9
38.97,-74.35,27.89
38.97,-74.33,27.87
38.97,-74.31,27.81
38.97,-74.29,27.71
38.97,-74.27,27.4
38.97,-74.25,27.24
38.97,-74.23,27.19
38.97,-74.21,27.42
38.97,-74.19,27.35
38.97,-70.25,24.56
38.95,-76.41,27.32
38.95,-76.39,27.34
38.95,-76.37,27.34
38.95,-75.27,25.24
38.95,-75.25,25.03
38.95,-75.23,24.03
38.95,-75.21,24.03
38.95,-74.51,25.41
38.95,-74.49,25.66
38.95,-74.47,25.33
38.95,-74.45,26.1
38.95,-74.43,27.05
38.95,-74.41,27.34
38.95,-74.39,27.44
38.95,-74.37,27.45
38.95,-74.35,27.51
38.95,-74.33,27.58
38.95,-74.31,27.92
38.95,-74.29,27.7
38.95,-74.27,27.74
38.95,-74.25,27.77
38.95,-71.29,24.88
38.95,-71.27,24.9
38.93,-74.65,23.32
38.93,-74.63,23.3
38.93,-74.61,23.5
38.93,-74.59,23.85
38.93,-74.57,24.01
38.93,-74.55,24.55
38.93,-74.53,26.01
38.93,-74.51,26.0
38.93,-74.49,25.79
38.93,-74.47,26.52
38.93,-74.45,26.99
38.93,-74.43,27.2
38.93,-74.41,27.35
38.93,-74.39,27.47
38.93,-74.37,27.45
38.93,-74.35,27.34
38.93,-74.33,27.22
38.93,-74.31,26.61
38.93,-74.29,26.79
38.93,-74.27,26.75
38.93,-74.25,27.04
38.93,-74.23,27.01
38.93,-74.21,26.59
38.93,-71.27,24.87
38.93,-71.25,24.86
38.91,-74.67,24.12
38.91,-74.65,23.96
38.91,-74.63,24.02
38.91,-74.61,24.1
38.91,-74.59,24.7
38.91,-74.57,25.11
38.91,-74.55,25.19
38.91,-74.53,25.9
38.91,-74.51,26.11
38.91,-74.49,26.14
38.91,-74.47,26.48
38.91,-74.45,26.61
38.91,-74.43,26.9
38.91,-74.41,27.42
38.91,-74.39,27.54
38.91,-74.37,27.42
38.91,-74.35,27.27
38.91,-74.33,26.82
38.91,-74.31,26.36
38.91,-74.29,26.14
38.91,-74.27,26.03
38.91,-74.25,26.01
38.91,-74.23,24.82
38.91,-74.21,25.8
38.89,-74.79,23.09
38.89,-74.77,23.68
38.89,-74.75,23.65
38.89,-74.73,23.55
38.89,-74.71,24.39
38.89,-74.69,24.24
38.89,-74.67,24.21
38.89,-74.65,24.34
38.89,-74.63,24.35
38.89,-74.61,24.34
38.89,-74.59,24.89
38.89,-74.57,25.46
38.89,-74.55,25.7
38.89,-74.53,25.83
38.89,-74.51,25.83
38.89,-74.45,26.3
38.89,-74.43,26.35
38.89,-74.37,26.49
38.89,-74.35,26.27
38.89,-74.33,25.79
38.89,-74.31,25.86
38.89,-74.29,25.92
38.89,-74.27,25.99
38.87,-74.85,23.23
38.87,-74.83,23.01
38.87,-74.81,23.02
38.87,-74.79,23.66
38.87,-74.77,24.51
38.87,-74.75,24.65
38.87,-74.73,24.72
38.87,-74.71,24.95
38.87,-74.69,24.85
38.87,-74.67,24.77
38.87,-74.55,25.66
38.87,-74.53,25.75
38.87,-74.47,25.82
38.87,-74.45,25.82
38.87,-74.43,25.75
38.87,-74.39,26.54
38.87,-74.37,26.57
38.87,-74.35,26.42
38.87,-74.33,25.79
38.87,-74.31,25.69
38.87,-74.29,25.83
38.87,-74.27,25.84
38.85,-75.21,24.77
38.85,-75.19,24.37
38.85,-75.17,24.28
38.85,-75.15,26.04
38.85,-75.13,26.22
38.85,-75.11,26.3
38.85,-75.09,26.69
38.85,-75.07,25.77
38.85,-75.05,24.73
38.85,-74.99,23.3
38.85,-74.97,23.85
38.85,-74.95,23.87
38.85,-74.93,23.34
38.85,-74.91,23.33
38.85,-74.89,23.38
38.85,-74.87,23.33
38.85,-74.85,23.43
38.85,-74.83,23.7
38.85,-74.81,23.88
38.85,-74.79,24.45
38.85,-74.77,24.6
38.85,-74.75,24.7
38.85,-74.73,24.38
38.85,-74.71,24.84
38.85,-74.43,25.72
38.85,-74.39,26.46
38.85,-74.37,26.47
38.85,-74.35,26.47
38.85,-74.21,24.6
38.85,-74.19,24.97
38.83,-75.21,25.1
38.83,-75.19,25.1
38.83,-75.17,26.03
38.83,-75.15,26.1
38.83,-75.13,26.13
38.83,-75.11,26.25
38.83,-75.09,27.34
38.83,-75.07,26.86
38.83,-75.05,25.81
38.83,-75.03,24.91
38.83,-75.01,24.01
38.83,-74.99,24.39
38.83,-74.97,24.7
38.83,-74.95,24.38
38.83,-74.93,23.9
38.83,-74.91,23.34
38.83,-74.89,22.68
38.83,-74.87,23.08
38.83,-74.85,23.28
38.83,-74.83,23.86
38.83,-74.81,24.07
38.83,-74.79,24.15
38.83,-74.77,24.2
38.83,-74.75,24.63
38.83,-74.73,24.64
38.83,-74.69,24.94
38.83,-74.65,24.89
38.83,-74.63,24.9
38.83,-74.61,24.84
38.83,-74.59,24.91
38.83,-74.57,25.13
38.83,-74.55,25.36
38.83,-74.53,25.45
38.83,-74.25,24.49
38.83,-74.21,24.97
38.83,-74.19,24.97
38.81,-75.19,27.2
38.81,-75.17,26.84
38.81,-75.15,26.59
38.81,-75.13,26.41
38.81,-75.11,25.95
38.81,-75.09,26.14
38.81,-75.07,27.34
38.81,-75.05,26.9
38.81,-75.03,25.94
38.81,-75.01,24.0
38.81,-74.99,23.72
38.81,-74.97,24.25
38.81,-74.95,24.05
38.81,-74.93,23.39
38.81,-74.91,22.77
38.81,-74.89,23.86
38.81,-74.87,23.74
38.81,-74.85,23.99
38.81,-74.83,24.23
38.81,-74.81,24.24
38.81,-74.79,24.31
38.81,-74.77,24.41
38.81,-74.75,24.69
38.81,-74.73,24.78
38.81,-74.71,24.81
38.81,-74.69,24.9
38.81,-74.67,24.92
38.81,-74.65,24.93
38.81,-74.63,24.96
38.81,-74.61,24.94
38.81,-74.59,24.95
38.81,-74.57,25.1
38.81,-74.55,25.35
38.81,-74.53,25.68
38.81,-74.39,26.3
38.81,-74.37,26.23
38.81,-74.25,24.51
38.81,-74.21,25.4
38.81,-74.19,25.43
38.79,-75.15,26.72
38.79,-75.13,26.7
38.79,-75.11,26.26
38.79,-75.07,25.63
38.79,-75.05,26.23
38.79,-75.03,26.24
38.79,-75.01,24.94
38.79,-74.99,24.79
38.79,-74.97,24.5
38.79,-74.95,23.95
38.79,-74.89,24.61
38.79,-74.87,24.53
38.79,-74.85,24.41
38.79,-74.83,24.61
38.79,-74.81,24.71
38.79,-74.75,24.91
38.79,-74.73,24.92
38.79,-74.71,24.79
38.79,-74.69,24.78
38.79,-74.65,25.11
38.79,-74.63,25.14
38.79,-74.61,25.14
38.79,-74.55,25.31
38.79,-74.53,25.42
38.79,-74.45,24.48
38.79,-74.41,26.27
38.79,-74.39,26.22
38.79,-74.37,26.13
38.77,-75.05,26.13
38.77,-75.03,25.95
38.77,-75.01,25.13
38.77,-74.99,25.39
38.77,-74.97,25.3
38.77,-74.91,24.52
38.77,-74.89,24.71
38.77,-74.87,24.66
38.77,-74.85,24.62
38.77,-74.83,24.87
38.77,-74.81,24.39
38.77,-74.79,24.29
38.77,-74.77,24.19
38.77,-74.75,23.97
38.77,-74.73,23.96
38.77,-74.71,24.25
38.77,-74.57,25.24
38.77,-74.55,25.27
38.77,-74.53,25.31
38.77,-74.41,25.95
38.77,-74.39,25.97
38.77,-74.37,25.95
38.75,-75.05,25.07
38.75,-75.03,26.12
38.75,-75.01,26.04
38.75,-74.99,24.95
38.75,-74.97,24.59
38.75,-74.95,24.61
38.75,-74.93,24.54
38.75,-74.91,24.6
38.75,-74.89,24.82
38.75,-74.87,24.75
38.75,-74.85,24.69
38.75,-74.83,24.55
38.75,-74.81,24.27
38.75,-74.79,23.69
38.75,-74.77,23.17
38.75,-74.75,23.29
38.75,-74.71,24.63
38.75,-74.69,24.71
38.75,-74.67,24.71
38.75,-74.61,25.2
38.75,-74.59,25.23
38.75,-74.57,25.23
38.75,-74.55,25.24
38.75,-74.53,25.22
38.73,-75.07,23.66
38.73,-75.05,23.79
38.73,-75.03,25.31
38.73,-75.01,25.84
38.73,-74.99,24.34
38.73,-74.97,24.16
38.73,-74.95,24.16
38.73,-74.91,24.8
38.73,-74.89,25.21
38.73,-74.87,24.88
38.73,-74.85,24.49
38.73,-74.83,23.99
38.73,-74.81,23.52
38.73,-74.79,24.05
38.73,-74.77,24.38
38.73,-74.75,24.22
38.73,-74.73,24.57
38.73,-74.71,24.6
38.73,-74.69,24.73
38.73,-74.67,24.94
38.73,-74.65,25.01
38.73,-74.63,25.03
38.73,-74.61,25.08
38.71,-75.07,23.62
38.71,-75.05,23.64
38.71,-75.03,23.84
38.71,-74.91,25.1
38.71,-74.89,25.25
38.71,-74.87,24.9
38.71,-74.85,24.25
38.71,-74.83,23.92
38.71,-74.81,23.53
38.71,-74.79,24.08
38.71,-74.77,24.43
38.71,-74.75,24.21
38.71,-74.73,23.97
38.71,-74.71,23.86
38.71,-74.69,24.34
38.71,-74.67,24.23
38.71,-74.65,24.66
38.71,-74.63,24.66
38.71,-74.51,25.1
38.69,-74.71,23.5
38.69,-74.69,23.61
38.69,-74.67,23.62
38.69,-74.65,24.12
38.67,-75.11,26.82
38.67,-75.09,26.83
38.65,-75.11,26.85
38.55,-76.33,28.15
38.53,-76.33,28.12
38.53,-76.31,28.11
38.49,-76.39,28.79
38.49,-76.37,28.62
38.47,-76.39,28.58
38.47,-76.37,28.19
38.47,-76.35,27.95
38.45,-76.39,28.24
38.45,-76.37,28.2
38.45,-76.35,27.89
38.45,-76.33,27.96
38.43,-76.41,28.47
38.43,-76.39,28.3
38.43,-76.37,27.95
38.43,-76.35,27.9
38.43,-69.17,24.44
38.43,-69.15,24.49
38.43,-69.13,24.57
38.43,-69.11,25.25
38.43,-69.09,25.31
38.43,-69.07,25.25
38.41,-76.39,28.2
38.41,-76.37,28.09
38.41,-69.17,24.39
38.41,-69.15,24.47
38.41,-69.13,24.5
38.41,-69.11,24.81
38.41,-69.09,24.8
38.39,-69.15,24.78
38.39,-69.13,24.8
38.39,-69.11,25.17
38.39,-69.09,24.98
38.37,-69.11,25.22
38.25,-76.95,28.49
38.25,-76.93,28.5
38.25,-76.91,28.47
38.25,-76.89,28.38
38.17,-76.69,28.13
38.17,-76.65,28.17
38.17,-76.63,28.16
38.17,-76.61,28.2
38.17,-76.59,28.13
38.15,-76.59,28.13
38.15,-76.57,28.13
38.13,-76.59,28.28
38.13,-76.57,28.18
37.89,-75.91,28.21
37.87,-75.91,28.3
37.87,-75.89,28.3
37.87,-75.87,28.15
37.87,-75.85,28.11
37.87,-75.83,28.03
37.87,-75.81,28.01
37.87,-75.79,28.02
37.85,-75.93,28.37
37.85,-75.91,28.35
37.85,-75.89,28.2
37.85,-75.87,28.13
37.85,-75.85,28.17
37.85,-75.83,28.06
37.85,-75.81,28.01
37.85,-75.79,27.93
37.83,-75.93,28.3
37.83,-75.91,28.28
37.83,-75.89,28.04
37.83,-75.87,28.01
37.83,-75.85,28.22
37.83,-75.83,28.16
37.83,-75.81,28.13
37.83,-75.79,28.07
37.83,-75.77,27.72
37.83,-75.75,27.72
37.83,-75.73,27.74
37.83,-75.05,25.23
37.83,-75.03,25.22
37.83,-75.01,25.21
37.83,-74.99,25.22
37.83,-74.93,25.32
37.83,-74.91,25.38
37.83,-74.89,25.4
37.81,-75.91,28.12
37.81,-75.89,27.98
37.81,-75.87,27.94
37.81,-75.85,27.91
37.81,-75.83,28.0
37.81,-75.81,28.04
37.81,-75.79,28.12
37.81,-75.77,28.13
37.81,-75.75,27.9
37.81,-75.73,27.97
37.81,-75.09,25.3
37.81,-75.07,25.23
37.81,-75.05,25.25
37.81,-75.03,25.26
37.81,-75.01,25.29
37.81,-74.99,25.28
37.81,-74.97,25.31
37.81,-74.95,25.32
37.81,-74.93,25.33
37.81,-74.91,25.33
37.81,-74.89,25.35
37.79,-75.75,28.18
37.79,-75.73,28.22
37.79,-75.11,25.45
37.79,-75.09,25.45
37.79,-75.07,25.34
37.79,-75.05,25.29
37.79,-75.03,25.28
37.79,-75.01,25.32
37.79,-74.99,25.36
37.79,-74.97,25.36
37.79,-74.95,25.31
37.79,-74.93,25.26
37.79,-74.91,25.26
37.79,-74.89,25.3
37.77,-75.15,25.21
37.77,-75.13,25.22
37.77,-75.11,25.32
37.77,-75.09,25.39
37.77,-75.07,25.34
37.77,-75.05,25.35
37.77,-75.03,25.36
37.77,-75.01,25.36
37.77,-74.99,25.4
37.77,-74.97,25.39
37.77,-74.95,25.36
37.77,-74.93,25.34
37.77,-74.91,25.3
37.77,-74.89,25.15
37.77,-74.87,25.12
37.75,-75.15,25.41
37.75,-75.13,25.4
37.75,-75.11,25.39
37.75,-75.09,25.41
37.75,-75.07,25.36
37.75,-75.05,25.35
37.75,-75.03,25.38
37.75,-75.01,25.44
37.75,-74.99,25.48
37.75,-74.97,25.45
37.75,-74.95,25.45
37.75,-74.93,25.45
37.75,-74.91,25.38
37.75,-74.89,25.28
37.73,-75.17,25.34
37.73,-75.15,25.37
37.73,-75.13,25.41
37.73,-75.11,25.47
37.73,-75.09,25.46
37.73,-75.07,25.37
37.73,-75.05,25.35
37.73,-75.03,25.38
37.73,-75.01,25.47
37.73,-74.99,25.55
37.73,-74.97,25.53
37.73,-74.95,25.49
37.73,-74.93,25.54
37.73,-74.91,25.59
37.73,-74.89,25.39
37.73,-74.87,25.32
37.73,-74.83,25.27
37.71,-75.31,25.05
37.71,-75.19,25.33
37.71,-75.17,25.34
37.71,-75.15,25.3
37.71,-75.13,25.27
37.71,-75.11,25.35
37.71,-75.09,25.41
37.71,-75.07,25.39
37.71,-75.05,25.35
37.71,-75.03,25.32
37.71,-75.01,25.39
37.71,-74.99,25.43
37.71,-74.97,25.45
37.71,-74.95,25.44
37.71,-74.93,25.47
37.71,-74.91,25.49
37.71,-74.85,25.3
37.71,-74.83,25.29
37.71,-74.81,25.28
37.69,-75.41,24.68
37.69,-75.39,24.71
37.69,-75.37,24.79
37.69,-75.35,24.91
37.69,-75.33,25.01
37.69,-75.31,25.05
37.69,-75.29,25.1
37.69,-75.23,25.41
37.69,-75.21,25.4
37.69,-75.19,25.39
37.69,-75.17,25.37
37.69,-75.15,25.28
37.69,-75.13,25.24
37.69,-75.11,25.29
37.69,-75.09,25.28
37.69,-75.07,25.31
37.69,-75.05,25.3
37.69,-75.03,25.29
37.69,-75.01,25.41
37.69,-74.99,25.48
37.69,-74.97,25.52
37.69,-74.95,25.51
37.69,-74.85,25.35
37.69,-74.83,25.33
37.69,-74.79,25.36
37.69,-74.77,25.36
37.67,-75.39,24.83
37.67,-75.37,24.86
37.67,-75.35,24.96
37.67,-75.33,25.05
37.67,-75.31,25.08
37.67,-75.29,25.18
37.67,-75.27,25.3
37.67,-75.25,25.37
37.67,-75.23,25.41
37.67,-75.21,25.44
37.67,-75.19,25.47
37.67,-75.17,25.45
37.67,-75.15,25.3
37.67,-75.13,25.24
37.67,-75.11,25.27
37.67,-75.09,25.26
37.67,-75.07,25.31
37.67,-75.05,25.29
37.67,-75.03,25.3
37.67,-75.01,25.4
37.67,-74.99,25.49
37.67,-74.97,25.48
37.67,-74.85,25.34
37.67,-74.83,25.32
37.67,-74.81,25.3
37.67,-74.79,25.31
37.67,-74.77,25.32
37.65,-75.49,24.79
37.65,-75.47,24.76
37.65,-75.45,24.7
37.65,-75.43,24.76
37.65,-75.41,24.85
37.65,-75.39,24.9
37.65,-75.37,24.87
37.65,-75.35,24.92
37.65,-75.33,25.06
37.65,-75.31,25.1
37.65,-75.29,25.14
37.65,-75.27,25.2
37.65,-75.25,25.27
37.65,-75.23,25.33
37.65,-75.21,25.41
37.65,-75.19,25.38
37.65,-75.17,25.34
37.65,-75.15,25.28
37.65,-75.13,25.28
37.65,-75.11,25.26
37.65,-75.09,25.3
37.65,-75.07,25.33
37.65,-75.05,25.48
37.65,-75.03,25.49
37.65,-75.01,25.5
37.65,-74.99,25.49
37.65,-74.97,25.44
37.65,-74.87,25.32
37.65,-74.85,25.33
37.65,-74.83,25.32
37.65,-74.81,25.3
37.65,-74.79,25.34
37.65,-74.77,25.27
37.63,-75.51,24.73
37.63,-75.49,24.82
37.63,-75.47,24.83
37.63,-75.45,24.79
37.63,-75.43,24.79
37.63,-75.41,24.81
37.63,-75.39,24.81
37.63,-75.37,24.81
37.63,-75.35,24.77
37.63,-75.33,24.96
37.63,-75.31,25.13
37.63,-75.29,25.18
37.63,-75.27,25.25
37.63,-75.25,25.31
37.63,-75.23,25.45
37.63,-75.21,25.37
37.63,-75.19,25.33
37.63,-75.17,25.25
37.63,-75.15,25.27
37.63,-75.13,25.26
37.63,-75.09,25.4
37.63,-75.07,25.48
37.63,-75.05,25.65
37.63,-75.03,25.66
37.63,-75.01,25.67
37.63,-74.99,25.65
37.63,-74.97,25.57
37.63,-74.89,25.34
37.63,-74.87,25.38
37.63,-74.85,25.39
37.63,-74.81,25.26
37.63,-74.79,25.28
37.63,-74.77,25.26
37.61,-75.53,24.69
37.61,-75.51,24.7
37.61,-75.49,24.81
37.61,-75.47,24.84
37.61,-75.45,24.86
37.61,-75.43,24.84
37.61,-75.41,24.81
37.61,-75.39,24.84
37.61,-75.37,24.84
37.61,-75.35,24.81
37.61,-75.33,24.89
37.61,-75.31,25.01
37.61,-75.29,25.08
37.61,-75.27,25.19
37.61,-75.25,25.43
37.61,-75.23,25.42
37.61,-75.21,25.33
37.61,-75.19,25.26
37.61,-75.09,25.56
37.61,-75.07,25.55
37.61,-75.05,25.7
37.61,-75.03,25.96
37.61,-75.01,25.98
37.61,-74.99,25.92
37.61,-74.97,25.59
37.61,-74.89,25.4
37.61,-74.87,25.44
37.61,-74.81,25.24
37.61,-74.79,25.24
37.59,-75.55,24.67
37.59,-75.53,24.62
37.59,-75.51,24.6
37.59,-75.49,24.83
37.59,-75.47,24.76
37.59,-75.45,24.76
37.59,-75.43,24.77
37.59,-75.41,24.78
37.59,-75.39,24.82
37.59,-75.37,24.86
37.59,-75.35,24.9
37.59,-75.33,24.95
37.59,-75.31,24.96
37.59,-75.29,25.03
37.59,-75.27,25.14
37.59,-75.25,25.44
37.59,-75.23,25.45
37.59,-75.21,25.45
37.59,-75.19,25.53
37.59,-75.17,25.56
37.59,-75.15,25.5
37.59,-75.13,25.47
37.59,-75.11,25.47
37.59,-75.09,25.8
37.59,-75.07,25.78
37.59,-75.05,25.9
37.59,-75.03,25.94
37.59,-75.01,25.99
37.59,-74.99,25.93
37.59,-74.97,25.86
37.59,-74.95,25.57
37.59,-74.85,25.31
37.59,-74.83,25.29
37.59,-74.81,25.25
37.57,-75.57,24.88
37.57,-75.55,24.74
37.57,-75.53,24.6
37.57,-75.51,24.5
37.57,-75.49,24.56
37.57,-75.47,24.59
37.57,-75.45,24.64
37.57,-75.43,24.72
37.57,-75.41,24.74
37.57,-75.39,24.79
37.57,-75.37,24.85
37.57,-75.35,24.94
37.57,-75.33,25.04
37.57,-75.31,25.09
37.57,-75.19,25.62
37.57,-75.17,25.69
37.57,-75.15,25.65
37.57,-75.13,25.57
37.57,-75.09,26.11
37.57,-75.07,26.12
37.57,-75.05,26.04
37.57,-75.03,25.92
37.57,-75.01,25.87
37.57,-74.99,25.84
37.57,-74.97,25.81
37.57,-74.95,25.77
37.57,-74.85,25.34
37.57,-74.83,25.32
37.55,-75.57,24.98
37.55,-75.55,24.79
37.55,-75.53,24.69
37.55,-75.51,24.45
37.55,-75.49,24.5
37.55,-75.47,24.56
37.55,-75.45,24.59
37.55,-75.43,24.62
37.55,-75.41,24.69
37.55,-75.39,24.75
37.55,-75.37,24.79
37.55,-75.35,25.03
37.55,-75.33,25.16
37.55,-75.31,25.21
37.55,-75.29,25.28
37.55,-75.25,25.37
37.55,-75.13,26.01
37.55,-75.11,26.06
37.55,-75.09,26.22
37.55,-75.05,26.03
37.55,-75.03,25.82
37.55,-75.01,25.78
37.55,-74.99,25.79
37.53,-75.61,24.77
37.53,-75.59,24.8
37.53,-75.57,24.96
37.53,-75.55,24.98
37.53,-75.53,24.85
37.53,-75.51,24.8
37.53,-75.49,24.65
37.53,-75.47,24.65
37.53,-75.45,24.62
37.53,-75.43,24.62
37.53,-75.41,24.79
37.53,-75.39,24.86
37.53,-75.37,25.0
37.53,-75.35,25.17
37.53,-75.33,25.33
37.53,-75.31,25.41
37.53,-75.29,25.44
37.53,-75.27,25.51
37.53,-75.25,25.44
37.53,-75.23,25.54
37.53,-75.21,25.66
37.53,-75.13,25.94
37.51,-75.63,24.88
37.51,-75.61,24.87
37.51,-75.59,24.81
37.51,-75.57,24.8
37.51,-75.55,24.91
37.51,-75.53,24.87
37.51,-75.51,24.88
37.51,-75.49,24.81
37.51,-75.47,24.71
37.51,-75.45,24.6
37.51,-75.43,24.58
37.51,-75.41,24.7
37.51,-75.39,25.06
37.51,-75.37,25.16
37.51,-75.35,25.31
37.51,-75.33,25.47
37.51,-75.31,25.61
37.51,-75.29,25.78
37.51,-75.27,25.76
37.51,-75.25,25.92
37.51,-75.23,26.0
37.51,-75.21,25.95
37.51,-75.19,25.91
37.49,-75.61,25.16
37.49,-75.59,24.97
37.49,-75.57,24.84
37.49,-75.55,24.81
37.49,-75.53,24.8
37.49,-75.51,24.82
37.49,-75.49,24.78
37.49,-75.47,24.62
37.49,-75.45,24.56
37.49,-75.43,24.53
37.49,-75.41,24.93
37.49,-75.39,25.02
37.49,-75.37,25.05
37.49,-75.35,25.06
37.49,-75.33,25.34
37.49,-75.31,25.59
37.49,-75.29,25.8
37.49,-75.27,25.91
37.49,-75.25,26.23
37.49,-75.23,26.16
37.49,-75.21,26.09
37.47,-75.61,25.08
37.47,-75.59,24.98
37.47,-75.57,24.92
37.47,-75.55,24.92
37.47,-75.53,24.83
37.47,-75.37,25.07
37.47,-75.35,25.06
37.47,-75.33,25.31
37.47,-75.31,25.4
37.47,-75.29,25.46
37.47,-75.27,25.87
37.47,-75.25,26.25
37.47,-75.23,26.28
37.45,-75.59,24.96
37.45,-75.57,24.96
37.45,-75.55,24.97
37.45,-75.31,25.34
